nbElements: 2153
indexFenetre, indexVoletGauche, indexVoletDroit, 
0, 1741, 267, 
1, 1056, 211, 
2, 929, 2, 
3, 272, 2062, 
4, 2115, 1505, 
5, 2143, 166, 
6, 185, 1083, 
7, 1420, 1558, 
8, 1446, 2147, 
9, 1337, 922, 
10, 1384, 683, 
11, 749, 2005, 
12, 1125, 96, 
13, 221, 718, 
14, 233, 1600, 
15, 75, 656, 
16, 2117, 812, 
17, 1604, 2100, 
18, 235, 1460, 
19, 1975, 196, 
20, 1523, 2008, 
21, 1892, 1835, 
22, 121, 982, 
23, 602, 1816, 
24, 114, 663, 
25, 2, 1673, 
26, 528, 2131, 
27, 1720, 70, 
28, 1403, 318, 
29, 512, 1295, 
30, 1995, 980, 
31, 526, 277, 
32, 1457, 1307, 
33, 882, 581, 
34, 1750, 1702, 
35, 1003, 1544, 
36, 1906, 316, 
37, 1510, 1828, 
38, 1989, 1078, 
39, 805, 0, 
40, 837, 1728, 
41, 645, 489, 
42, 940, 427, 
43, 2037, 1311, 
44, 518, 233, 
45, 1434, 2101, 
46, 897, 19, 
47, 206, 1954, 
48, 1552, 744, 
49, 1937, 1249, 
50, 559, 1580, 
51, 1838, 382, 
52, 1304, 1705, 
53, 119, 184, 
54, 54, 2136, 
55, 1339, 1912, 
56, 1905, 105, 
57, 386, 1953, 
58, 813, 1659, 
59, 556, 374, 
60, 2040, 47, 
61, 687, 1549, 
62, 934, 1312, 
63, 668, 621, 
64, 306, 884, 
65, 219, 1675, 
66, 343, 1941, 
67, 941, 356, 
68, 1224, 1149, 
69, 1092, 148, 
70, 1327, 819, 
71, 1166, 947, 
72, 1814, 1468, 
73, 430, 474, 
74, 1047, 125, 
75, 738, 1949, 
76, 1619, 89, 
77, 783, 1234, 
78, 1707, 1774, 
79, 498, 104, 
80, 1265, 793, 
81, 2128, 1397, 
82, 728, 41, 
83, 42, 1399, 
84, 1799, 2110, 
85, 442, 609, 
86, 2057, 1591, 
87, 1460, 2040, 
88, 56, 698, 
89, 842, 583, 
90, 460, 90, 
91, 1542, 1807, 
92, 1129, 483, 
93, 2076, 1699, 
94, 1226, 340, 
95, 1333, 1653, 
96, 138, 942, 
97, 468, 116, 
98, 639, 1414, 
99, 1517, 1881, 
100, 262, 1526, 
101, 1274, 216, 
102, 62, 2067, 
103, 2091, 622, 
104, 201, 25, 
105, 105, 924, 
106, 1540, 1333, 
107, 1963, 107, 
108, 417, 2148, 
109, 587, 2019, 
110, 1262, 1485, 
111, 378, 150, 
112, 1938, 599, 
113, 1082, 870, 
114, 284, 1143, 
115, 26, 1570, 
116, 642, 600, 
117, 1549, 398, 
118, 1052, 1088, 
119, 695, 1536, 
120, 672, 1529, 
121, 308, 760, 
122, 1539, 1148, 
123, 1070, 1109, 
124, 562, 447, 
125, 622, 1984, 
126, 1774, 708, 
127, 340, 606, 
128, 128, 1425, 
129, 2060, 385, 
130, 413, 1614, 
131, 976, 142, 
132, 1943, 1758, 
133, 516, 810, 
134, 517, 1146, 
135, 711, 1497, 
136, 611, 302, 
137, 419, 1488, 
138, 1329, 492, 
139, 443, 98, 
140, 1533, 768, 
141, 1624, 830, 
142, 1423, 690, 
143, 1407, 1214, 
144, 637, 1706, 
145, 1352, 1313, 
146, 1063, 1408, 
147, 1662, 1525, 
148, 1472, 828, 
149, 1561, 1220, 
150, 583, 2121, 
151, 1928, 1261, 
152, 1077, 569, 
153, 1849, 1867, 
154, 312, 836, 
155, 864, 1396, 
156, 1613, 1230, 
157, 1657, 1228, 
158, 2012, 613, 
159, 428, 1925, 
160, 234, 350, 
161, 1516, 1209, 
162, 1419, 1335, 
163, 1503, 1729, 
164, 18, 1700, 
165, 1685, 1732, 
166, 1550, 485, 
167, 1281, 383, 
168, 1580, 1819, 
169, 494, 502, 
170, 1205, 1509, 
171, 975, 285, 
172, 1670, 1806, 
173, 420, 1683, 
174, 1375, 680, 
175, 1148, 805, 
176, 1342, 1045, 
177, 816, 1452, 
178, 1059, 106, 
179, 179, 2075, 
180, 1463, 2099, 
181, 2116, 907, 
182, 1433, 1038, 
183, 183, 726, 
184, 1541, 1917, 
185, 1563, 710, 
186, 714, 14, 
187, 1192, 1571, 
188, 49, 1586, 
189, 135, 168, 
190, 1341, 1880, 
191, 1877, 1005, 
192, 605, 293, 
193, 380, 1321, 
194, 303, 1424, 
195, 1196, 1405, 
196, 870, 2072, 
197, 1002, 1426, 
198, 1967, 778, 
199, 1958, 209, 
200, 1296, 18, 
201, 1432, 1415, 
202, 1401, 1407, 
203, 1805, 1164, 
204, 236, 37, 
205, 107, 1326, 
206, 1090, 6, 
207, 20, 1755, 
208, 794, 1330, 
209, 152, 675, 
210, 422, 1195, 
211, 127, 734, 
212, 330, 1417, 
213, 1298, 802, 
214, 1469, 12, 
215, 827, 1476, 
216, 1, 426, 
217, 1174, 256, 
218, 10, 564, 
219, 112, 284, 
220, 1829, 1394, 
221, 1163, 403, 
222, 1048, 157, 
223, 1961, 53, 
224, 224, 627, 
225, 166, 681, 
226, 108, 2030, 
227, 563, 886, 
228, 278, 1023, 
229, 1260, 961, 
230, 1946, 275, 
231, 309, 1030, 
232, 932, 202, 
233, 1811, 470, 
234, 1630, 1696, 
235, 339, 1279, 
236, 1554, 453, 
237, 2067, 1365, 
238, 838, 655, 
239, 1046, 239, 
240, 2081, 1466, 
241, 1916, 1772, 
242, 242, 2047, 
243, 594, 838, 
244, 1258, 1555, 
245, 931, 2146, 
246, 1455, 1730, 
247, 1266, 1171, 
248, 248, 977, 
249, 249, 249, 
250, 937, 1607, 
251, 983, 2137, 
252, 1867, 635, 
253, 483, 570, 
254, 36, 1996, 
255, 286, 1844, 
256, 1999, 1507, 
257, 2045, 799, 
258, 1573, 1352, 
259, 41, 1775, 
260, 404, 1436, 
261, 593, 1882, 
262, 1672, 903, 
263, 1976, 1232, 
264, 1819, 1896, 
265, 1290, 46, 
266, 807, 1501, 
267, 136, 476, 
268, 1199, 1260, 
269, 1022, 177, 
270, 972, 1610, 
271, 1269, 1777, 
272, 1779, 272, 
273, 1589, 1127, 
274, 1261, 908, 
275, 1380, 762, 
276, 1014, 1534, 
277, 1238, 517, 
278, 471, 31, 
279, 1263, 594, 
280, 29, 996, 
281, 1718, 1667, 
282, 1612, 795, 
283, 1571, 1475, 
284, 544, 493, 
285, 2007, 411, 
286, 102, 1057, 
287, 73, 1271, 
288, 288, 939, 
289, 1862, 1161, 
290, 1171, 1227, 
291, 139, 864, 
292, 1135, 2064, 
293, 955, 716, 
294, 294, 917, 
295, 319, 1873, 
296, 1313, 733, 
297, 1324, 1981, 
298, 1767, 2035, 
299, 1008, 299, 
300, 555, 1418, 
301, 833, 404, 
302, 1449, 1201, 
303, 1815, 2000, 
304, 2043, 1716, 
305, 441, 1894, 
306, 835, 707, 
307, 858, 555, 
308, 209, 529, 
309, 626, 65, 
310, 713, 1268, 
311, 1103, 1658, 
312, 247, 1635, 
313, 1618, 620, 
314, 1154, 1155, 
315, 786, 1172, 
316, 660, 639, 
317, 86, 587, 
318, 959, 1761, 
319, 1483, 1921, 
320, 1955, 877, 
321, 539, 1229, 
322, 1245, 858, 
323, 323, 2038, 
324, 676, 1910, 
325, 1740, 203, 
326, 1831, 1310, 
327, 327, 2002, 
328, 1413, 909, 
329, 1885, 931, 
330, 1054, 1060, 
331, 1717, 1287, 
332, 1355, 243, 
333, 1437, 123, 
334, 1348, 1339, 
335, 1345, 1990, 
336, 336, 2054, 
337, 1581, 295, 
338, 1929, 1419, 
339, 320, 2140, 
340, 596, 1010, 
341, 1094, 42, 
342, 5, 559, 
343, 817, 1794, 
344, 776, 1305, 
345, 1498, 2057, 
346, 680, 1783, 
347, 4, 1669, 
348, 1362, 130, 
349, 52, 176, 
350, 1150, 1293, 
351, 1966, 1046, 
352, 414, 1443, 
353, 19, 809, 
354, 2083, 322, 
355, 1064, 705, 
356, 1783, 719, 
357, 957, 1342, 
358, 1972, 1508, 
359, 1418, 17, 
360, 2119, 1043, 
361, 120, 1429, 
362, 1991, 647, 
363, 1863, 2037, 
364, 474, 592, 
365, 1694, 1770, 
366, 707, 1073, 
367, 290, 3, 
368, 1032, 2124, 
369, 808, 1602, 
370, 355, 219, 
371, 177, 798, 
372, 1927, 422, 
373, 1982, 1856, 
374, 1749, 409, 
375, 577, 2059, 
376, 651, 376, 
377, 715, 1914, 
378, 1454, 794, 
379, 890, 1332, 
380, 373, 979, 
381, 536, 381, 
382, 1898, 525, 
383, 1268, 839, 
384, 855, 890, 
385, 367, 9, 
386, 1687, 964, 
387, 2092, 1290, 
388, 1124, 1378, 
389, 389, 1183, 
390, 718, 1803, 
391, 1307, 1233, 
392, 845, 126, 
393, 908, 1134, 
394, 720, 1707, 
395, 1083, 457, 
396, 1869, 396, 
397, 1876, 144, 
398, 1206, 1226, 
399, 958, 1400, 
400, 1746, 1594, 
401, 1515, 342, 
402, 880, 94, 
403, 194, 911, 
404, 898, 784, 
405, 1233, 480, 
406, 1949, 13, 
407, 74, 926, 
408, 408, 1162, 
409, 1620, 2143, 
410, 1306, 971, 
411, 1381, 213, 
412, 38, 753, 
413, 115, 1133, 
414, 1035, 1847, 
415, 1600, 1599, 
416, 157, 336, 
417, 1574, 1773, 
418, 1520, 1217, 
419, 1191, 1862, 
420, 1291, 222, 
421, 572, 1751, 
422, 1824, 2079, 
423, 1127, 1238, 
424, 1336, 40, 
425, 985, 914, 
426, 462, 1189, 
427, 1006, 1966, 
428, 96, 1336, 
429, 1075, 192, 
430, 11, 1651, 
431, 2013, 1270, 
432, 432, 1655, 
433, 1703, 1740, 
434, 1061, 1989, 
435, 1256, 1182, 
436, 1781, 1581, 
437, 1011, 301, 
438, 1977, 1444, 
439, 84, 1219, 
440, 883, 1537, 
441, 2041, 2089, 
442, 1693, 2126, 
443, 1208, 1636, 
444, 992, 2115, 
445, 1820, 445, 
446, 866, 997, 
447, 2098, 315, 
448, 2133, 2084, 
449, 1813, 1334, 
450, 1826, 1565, 
451, 1453, 178, 
452, 1386, 120, 
453, 1973, 1114, 
454, 387, 207, 
455, 1186, 737, 
456, 785, 78, 
457, 344, 650, 
458, 1875, 1478, 
459, 1104, 169, 
460, 1945, 1472, 
461, 1806, 549, 
462, 285, 100, 
463, 684, 1613, 
464, 0, 1836, 
465, 950, 1582, 
466, 1246, 1242, 
467, 1844, 542, 
468, 263, 2109, 
469, 314, 829, 
470, 1834, 79, 
471, 273, 115, 
472, 1393, 843, 
473, 1487, 763, 
474, 791, 1709, 
475, 1675, 1049, 
476, 1880, 250, 
477, 81, 565, 
478, 1700, 873, 
479, 479, 749, 
480, 1389, 1248, 
481, 33, 20, 
482, 977, 1431, 
483, 603, 536, 
484, 384, 603, 
485, 854, 842, 
486, 1305, 1920, 
487, 487, 1033, 
488, 1981, 1107, 
489, 409, 709, 
490, 490, 1028, 
491, 1861, 135, 
492, 1884, 400, 
493, 1919, 891, 
494, 1110, 1067, 
495, 245, 978, 
496, 1586, 1609, 
497, 1548, 1980, 
498, 722, 1870, 
499, 1680, 1071, 
500, 500, 674, 
501, 1978, 1213, 
502, 1899, 1433, 
503, 1759, 1797, 
504, 1264, 26, 
505, 1405, 1574, 
506, 669, 750, 
507, 507, 1053, 
508, 2042, 406, 
509, 1134, 1813, 
510, 1230, 1553, 
511, 1421, 634, 
512, 964, 573, 
513, 1292, 1039, 
514, 1478, 51, 
515, 1564, 754, 
516, 2144, 881, 
517, 1854, 1434, 
518, 1889, 232, 
519, 1387, 519, 
520, 1518, 820, 
521, 732, 410, 
522, 993, 1136, 
523, 960, 413, 
524, 1019, 1245, 
525, 132, 1802, 
526, 751, 1047, 
527, 591, 1662, 
528, 1850, 1387, 
529, 788, 1628, 
530, 270, 270, 
531, 758, 1743, 
532, 2065, 983, 
533, 881, 888, 
534, 1766, 482, 
535, 1417, 1175, 
536, 719, 429, 
537, 1634, 553, 
538, 1647, 164, 
539, 7, 1459, 
540, 220, 1915, 
541, 1633, 83, 
542, 267, 527, 
543, 60, 333, 
544, 945, 928, 
545, 1109, 278, 
546, 222, 200, 
547, 190, 175, 
548, 450, 388, 
549, 104, 1192, 
550, 1931, 1366, 
551, 425, 738, 
552, 1057, 174, 
553, 1887, 179, 
554, 744, 171, 
555, 1176, 1611, 
556, 675, 1420, 
557, 1142, 1303, 
558, 1213, 1703, 
559, 564, 478, 
560, 126, 257, 
561, 23, 919, 
562, 223, 1913, 
563, 2135, 1515, 
564, 1841, 1733, 
565, 2017, 1922, 
566, 1664, 2077, 
567, 1415, 262, 
568, 796, 506, 
569, 401, 640, 
570, 1076, 1247, 
571, 55, 23, 
572, 1636, 1479, 
573, 1204, 433, 
574, 58, 72, 
575, 69, 15, 
576, 2019, 1348, 
577, 2108, 1251, 
578, 1804, 194, 
579, 1228, 1661, 
580, 1237, 1361, 
581, 491, 379, 
582, 434, 1824, 
583, 1363, 1578, 
584, 329, 1821, 
585, 216, 585, 
586, 586, 1089, 
587, 147, 441, 
588, 1398, 940, 
589, 225, 153, 
590, 1396, 1177, 
591, 1506, 636, 
592, 1241, 1077, 
593, 1708, 1380, 
594, 589, 568, 
595, 1610, 727, 
596, 1964, 927, 
597, 1152, 1355, 
598, 792, 630, 
599, 44, 1668, 
600, 815, 331, 
601, 601, 1944, 
602, 352, 803, 
603, 1254, 1440, 
604, 78, 1961, 
605, 1772, 2044, 
606, 529, 1543, 
607, 155, 370, 
608, 1968, 228, 
609, 359, 1176, 
610, 568, 1664, 
611, 162, 48, 
612, 850, 21, 
613, 348, 2117, 
614, 1504, 1320, 
615, 716, 237, 
616, 1004, 1391, 
617, 2096, 2016, 
618, 362, 1640, 
619, 1300, 1739, 
620, 909, 2025, 
621, 933, 49, 
622, 125, 901, 
623, 363, 1994, 
624, 1222, 405, 
625, 1668, 2102, 
626, 2118, 1726, 
627, 1315, 684, 
628, 187, 1269, 
629, 122, 1827, 
630, 1485, 1194, 
631, 631, 507, 
632, 617, 1482, 
633, 1319, 1629, 
634, 1925, 2095, 
635, 239, 91, 
636, 449, 2043, 
637, 1617, 455, 
638, 16, 2046, 
639, 891, 1798, 
640, 2020, 206, 
641, 154, 127, 
642, 956, 332, 
643, 825, 1464, 
644, 893, 1885, 
645, 357, 146, 
646, 1128, 377, 
647, 195, 431, 
648, 1678, 1322, 
649, 1534, 283, 
650, 821, 789, 
651, 1792, 1296, 
652, 371, 1868, 
653, 1532, 1144, 
654, 532, 827, 
655, 1177, 201, 
656, 1219, 598, 
657, 101, 367, 
658, 458, 259, 
659, 691, 2011, 
660, 1207, 1338, 
661, 1900, 1677, 
662, 1287, 1199, 
663, 840, 1500, 
664, 437, 1207, 
665, 936, 801, 
666, 741, 190, 
667, 860, 1494, 
668, 1733, 918, 
669, 1591, 1210, 
670, 1247, 902, 
671, 276, 402, 
672, 277, 669, 
673, 1200, 1606, 
674, 1277, 604, 
675, 1512, 1840, 
676, 658, 195, 
677, 902, 860, 
678, 160, 712, 
679, 113, 1124, 
680, 1566, 932, 
681, 1837, 773, 
682, 1808, 648, 
683, 1994, 1708, 
684, 567, 1018, 
685, 472, 849, 
686, 1787, 1671, 
687, 116, 2034, 
688, 2112, 1328, 
689, 801, 831, 
690, 592, 55, 
691, 1251, 467, 
692, 2101, 692, 
693, 974, 878, 
694, 269, 2092, 
695, 892, 933, 
696, 1719, 2128, 
697, 894, 1576, 
698, 698, 1502, 
699, 311, 463, 
700, 2011, 33, 
701, 914, 882, 
702, 995, 393, 
703, 527, 1360, 
704, 1435, 373, 
705, 146, 1690, 
706, 1655, 1253, 
707, 385, 468, 
708, 824, 699, 
709, 14, 1163, 
710, 1602, 1447, 
711, 1364, 1871, 
712, 172, 1901, 
713, 1005, 199, 
714, 1671, 959, 
715, 702, 362, 
716, 1785, 2145, 
717, 345, 1469, 
718, 970, 1012, 
719, 1332, 720, 
720, 1132, 1946, 
721, 137, 498, 
722, 1473, 510, 
723, 1320, 547, 
724, 1692, 1572, 
725, 774, 1062, 
726, 2068, 1625, 
727, 164, 16, 
728, 416, 625, 
729, 1653, 544, 
730, 885, 1003, 
731, 982, 2104, 
732, 1078, 1297, 
733, 1488, 2001, 
734, 752, 1203, 
735, 349, 1351, 
736, 464, 1178, 
737, 1338, 1020, 
738, 1288, 1236, 
739, 1930, 575, 
740, 1395, 1343, 
741, 1846, 995, 
742, 671, 154, 
743, 435, 438, 
744, 1311, 974, 
745, 1080, 2142, 
746, 1611, 497, 
747, 1175, 1676, 
748, 877, 1853, 
749, 205, 2150, 
750, 2059, 1521, 
751, 43, 2113, 
752, 1911, 770, 
753, 2104, 1015, 
754, 905, 966, 
755, 1138, 1605, 
756, 467, 260, 
757, 1629, 528, 
758, 819, 1223, 
759, 1062, 1463, 
760, 757, 791, 
761, 806, 1153, 
762, 629, 137, 
763, 1119, 1837, 
764, 652, 672, 
765, 966, 1376, 
766, 2139, 1633, 
767, 1890, 1116, 
768, 1272, 1051, 
769, 1034, 566, 
770, 1684, 1737, 
771, 771, 1542, 
772, 2071, 2141, 
773, 542, 2020, 
774, 382, 521, 
775, 151, 1066, 
776, 736, 589, 
777, 1459, 2012, 
778, 641, 1264, 
779, 488, 779, 
780, 396, 227, 
781, 1081, 121, 
782, 256, 775, 
783, 2039, 1784, 
784, 1399, 180, 
785, 1257, 735, 
786, 333, 1292, 
787, 1161, 1818, 
788, 1210, 52, 
789, 1722, 1244, 
790, 238, 790, 
791, 782, 1037, 
792, 287, 950, 
793, 1169, 834, 
794, 316, 766, 
795, 1185, 2029, 
796, 1660, 1937, 
797, 657, 339, 
798, 1252, 1197, 
799, 1283, 677, 
800, 1743, 220, 
801, 1495, 187, 
802, 452, 414, 
803, 1053, 1869, 
804, 944, 515, 
805, 511, 1785, 
806, 1270, 513, 
807, 350, 1191, 
808, 997, 1481, 
809, 407, 310, 
810, 1007, 238, 
811, 2129, 1006, 
812, 1123, 1560, 
813, 1325, 844, 
814, 739, 725, 
815, 1709, 1115, 
816, 1888, 847, 
817, 846, 274, 
818, 1111, 548, 
819, 2005, 1643, 
820, 1194, 619, 
821, 300, 124, 
822, 424, 205, 
823, 886, 392, 
824, 65, 36, 
825, 1013, 825, 
826, 2142, 826, 
827, 1769, 1272, 
828, 2000, 1354, 
829, 431, 88, 
830, 213, 1516, 
831, 831, 1449, 
832, 2009, 1736, 
833, 1314, 401, 
834, 476, 2093, 
835, 264, 602, 
836, 1537, 2060, 
837, 411, 440, 
838, 1681, 348, 
839, 780, 1686, 
840, 615, 1916, 
841, 1474, 1817, 
842, 2006, 875, 
843, 1017, 1174, 
844, 742, 1971, 
845, 531, 1324, 
846, 169, 1933, 
847, 109, 2027, 
848, 1018, 578, 
849, 106, 1753, 
850, 103, 1724, 
851, 1665, 371, 
852, 1582, 294, 
853, 1160, 1568, 
854, 685, 1678, 
855, 988, 423, 
856, 754, 706, 
857, 415, 1928, 
858, 2002, 1298, 
859, 1858, 1451, 
860, 1851, 764, 
861, 1466, 943, 
862, 1297, 862, 
863, 1706, 1275, 
864, 1367, 1684, 
865, 822, 1548, 
866, 789, 1742, 
867, 174, 595, 
868, 748, 1086, 
869, 849, 1254, 
870, 1343, 558, 
871, 1828, 1825, 
872, 299, 1280, 
873, 1921, 1822, 
874, 1729, 874, 
875, 693, 2013, 
876, 268, 876, 
877, 1714, 136, 
878, 2064, 976, 
879, 118, 1764, 
880, 2111, 741, 
881, 1368, 269, 
882, 1847, 948, 
883, 509, 1490, 
884, 834, 2068, 
885, 646, 496, 
886, 910, 1754, 
887, 1578, 1780, 
888, 1114, 245, 
889, 1645, 1779, 
890, 1045, 1304, 
891, 1965, 462, 
892, 2123, 1362, 
893, 297, 893, 
894, 1023, 524, 
895, 962, 268, 
896, 1293, 1145, 
897, 182, 1350, 
898, 561, 1956, 
899, 1723, 1503, 
900, 1626, 85, 
901, 1021, 1612, 
902, 1016, 1257, 
903, 2033, 158, 
904, 325, 601, 
905, 175, 1634, 
906, 1131, 1620, 
907, 1605, 1564, 
908, 875, 1382, 
909, 1886, 608, 
910, 1738, 1381, 
911, 446, 2116, 
912, 72, 1495, 
913, 130, 1390, 
914, 1442, 679, 
915, 1893, 1437, 
916, 1957, 2051, 
917, 996, 856, 
918, 1312, 1284, 
919, 1572, 1031, 
920, 1558, 562, 
921, 1641, 629, 
922, 1450, 998, 
923, 1825, 871, 
924, 1941, 1727, 
925, 445, 1406, 
926, 1603, 1750, 
927, 653, 1616, 
928, 1422, 1160, 
929, 1267, 1267, 
930, 24, 2090, 
931, 920, 1103, 
932, 1295, 695, 
933, 1802, 1276, 
934, 1936, 2031, 
935, 335, 60, 
936, 1801, 437, 
937, 1939, 1356, 
938, 1275, 449, 
939, 295, 1746, 
940, 856, 360, 
941, 2066, 1011, 
942, 841, 242, 
943, 1461, 159, 
944, 459, 859, 
945, 836, 2105, 
946, 946, 1157, 
947, 1060, 1762, 
948, 948, 1074, 
949, 1015, 912, 
950, 1317, 579, 
951, 168, 666, 
952, 66, 952, 
953, 649, 685, 
954, 353, 389, 
955, 302, 145, 
956, 635, 446, 
957, 1588, 495, 
958, 633, 1416, 
959, 1601, 56, 
960, 1410, 1084, 
961, 1097, 2003, 
962, 210, 1070, 
963, 1595, 887, 
964, 2032, 490, 
965, 1193, 561, 
966, 1909, 667, 
967, 755, 539, 
968, 1667, 386, 
969, 1832, 372, 
970, 1100, 1718, 
971, 901, 2041, 
972, 2001, 923, 
973, 1095, 1372, 
974, 360, 399, 
975, 250, 774, 
976, 1777, 92, 
977, 618, 1282, 
978, 1184, 1863, 
979, 597, 1329, 
980, 1817, 1222, 
981, 533, 1630, 
982, 1676, 1371, 
983, 1654, 1285, 
984, 1349, 1316, 
985, 1835, 430, 
986, 1068, 134, 
987, 987, 162, 
988, 1701, 671, 
989, 21, 1832, 
990, 1894, 247, 
991, 313, 1977, 
992, 489, 846, 
993, 1351, 155, 
994, 765, 109, 
995, 1739, 1250, 
996, 1411, 1465, 
997, 1852, 2152, 
998, 1431, 1756, 
999, 1544, 1393, 
1000, 2127, 1790, 
1001, 1001, 221, 
1002, 862, 1369, 
1003, 275, 717, 
1004, 2107, 615, 
1005, 1798, 797, 
1006, 1159, 537, 
1007, 1481, 1007, 
1008, 46, 2023, 
1009, 853, 1674, 
1010, 2149, 1757, 
1011, 310, 1435, 
1012, 171, 1196, 
1013, 823, 1788, 
1014, 951, 958, 
1015, 231, 723, 
1016, 588, 1957, 
1017, 1221, 2026, 
1018, 438, 697, 
1019, 237, 1014, 
1020, 361, 1834, 
1021, 176, 1477, 
1022, 440, 408, 
1023, 1879, 938, 
1024, 399, 73, 
1025, 1462, 147, 
1026, 203, 646, 
1027, 1189, 76, 
1028, 1028, 1370, 
1029, 2015, 181, 
1030, 1024, 1866, 
1031, 1377, 309, 
1032, 1985, 1615, 
1033, 981, 1909, 
1034, 1521, 1058, 
1035, 551, 62, 
1036, 515, 571, 
1037, 503, 1805, 
1038, 1979, 363, 
1039, 2034, 1106, 
1040, 2035, 477, 
1041, 1350, 306, 
1042, 678, 1141, 
1043, 1424, 984, 
1044, 1559, 1026, 
1045, 999, 8, 
1046, 1201, 618, 
1047, 1761, 1041, 
1048, 547, 689, 
1049, 271, 2097, 
1050, 585, 957, 
1051, 1101, 2118, 
1052, 191, 39, 
1053, 1983, 962, 
1054, 337, 1859, 
1055, 1055, 1849, 
1056, 85, 241, 
1057, 110, 1065, 
1058, 570, 234, 
1059, 1326, 215, 
1060, 647, 1027, 
1061, 843, 224, 
1062, 1235, 729, 
1063, 847, 1480, 
1064, 912, 1291, 
1065, 971, 1, 
1066, 1066, 894, 
1067, 1170, 1184, 
1068, 405, 1889, 
1069, 2126, 1187, 
1070, 694, 1474, 
1071, 1126, 1952, 
1072, 370, 387, 
1073, 1227, 2129, 
1074, 2070, 788, 
1075, 943, 1588, 
1076, 1926, 1306, 
1077, 365, 1104, 
1078, 2120, 1814, 
1079, 1448, 739, 
1080, 1050, 2081, 
1081, 1661, 296, 
1082, 1699, 1224, 
1083, 1773, 335, 
1084, 403, 312, 
1085, 1085, 1085, 
1086, 1638, 1942, 
1087, 979, 504, 
1088, 307, 623, 
1089, 1240, 1288, 
1090, 280, 732, 
1091, 1546, 324, 
1092, 1117, 1093, 
1093, 1809, 1546, 
1094, 2061, 1140, 
1095, 581, 1987, 
1096, 1649, 64, 
1097, 253, 1059, 
1098, 648, 892, 
1099, 298, 1158, 
1100, 2024, 1079, 
1101, 717, 500, 
1102, 1932, 421, 
1103, 1102, 1054, 
1104, 1524, 2086, 
1105, 1158, 1105, 
1106, 756, 2021, 
1107, 466, 691, 
1108, 1553, 1809, 
1109, 1496, 1899, 
1110, 1698, 1810, 
1111, 1903, 1693, 
1112, 1112, 758, 
1113, 1494, 122, 
1114, 1734, 853, 
1115, 2049, 473, 
1116, 1818, 2036, 
1117, 418, 1278, 
1118, 2028, 1589, 
1119, 2038, 1895, 
1120, 918, 1286, 
1121, 1121, 1854, 
1122, 830, 1122, 
1123, 640, 631, 
1124, 1289, 151, 
1125, 291, 1129, 
1126, 903, 143, 
1127, 1273, 540, 
1128, 379, 264, 
1129, 1084, 1965, 
1130, 1933, 1801, 
1131, 1310, 551, 
1132, 1151, 1781, 
1133, 1049, 701, 
1134, 1669, 491, 
1135, 1172, 1948, 
1136, 832, 254, 
1137, 1139, 439, 
1138, 2082, 580, 
1139, 1910, 1911, 
1140, 1491, 2071, 
1141, 565, 866, 
1142, 346, 451, 
1143, 123, 994, 
1144, 1087, 1759, 
1145, 1492, 945, 
1146, 392, 1845, 
1147, 1823, 1765, 
1148, 1960, 308, 
1149, 1860, 751, 
1150, 2113, 1891, 
1151, 1728, 1147, 
1152, 217, 1621, 
1153, 1153, 1789, 
1154, 1873, 941, 
1155, 1696, 1448, 
1156, 1180, 807, 
1157, 1609, 1154, 
1158, 1397, 66, 
1159, 1316, 1631, 
1160, 1136, 1649, 
1161, 1944, 682, 
1162, 919, 626, 
1163, 1596, 767, 
1164, 1164, 1413, 
1165, 3, 54, 
1166, 2099, 963, 
1167, 939, 1978, 
1168, 1402, 97, 
1169, 1778, 1215, 
1170, 31, 1532, 
1171, 1547, 170, 
1172, 1556, 628, 
1173, 1883, 353, 
1174, 1679, 1117, 
1175, 965, 323, 
1176, 321, 1769, 
1177, 1137, 740, 
1178, 22, 1545, 
1179, 1179, 475, 
1180, 1027, 346, 
1181, 690, 1608, 
1182, 1441, 2055, 
1183, 451, 509, 
1184, 1408, 160, 
1185, 1361, 1738, 
1186, 8, 1256, 
1187, 874, 1069, 
1188, 793, 889, 
1189, 1344, 369, 
1190, 1065, 1259, 
1191, 1358, 2050, 
1192, 911, 2083, 
1193, 2058, 1002, 
1194, 706, 702, 
1195, 111, 840, 
1196, 198, 781, 
1197, 390, 210, 
1198, 953, 1166, 
1199, 1069, 1277, 
1200, 2130, 1517, 
1201, 600, 1566, 
1202, 2132, 2088, 
1203, 1830, 1392, 
1204, 1565, 1204, 
1205, 1705, 742, 
1206, 1882, 1385, 
1207, 2044, 1138, 
1208, 317, 101, 
1209, 439, 1934, 
1210, 2029, 1947, 
1211, 32, 287, 
1212, 799, 1119, 
1213, 1934, 2074, 
1214, 1321, 384, 
1215, 293, 456, 
1216, 315, 546, 
1217, 1212, 67, 
1218, 158, 1617, 
1219, 421, 1427, 
1220, 510, 1081, 
1221, 282, 1484, 
1222, 505, 1218, 
1223, 1223, 1812, 
1224, 1144, 574, 
1225, 1225, 330, 
1226, 1346, 1976, 
1227, 1730, 499, 
1228, 1113, 465, 
1229, 1248, 1791, 
1230, 1513, 30, 
1231, 1530, 1660, 
1232, 1347, 113, 
1233, 134, 505, 
1234, 922, 1720, 
1235, 1143, 1704, 
1236, 1988, 365, 
1237, 938, 1347, 
1238, 1409, 1486, 
1239, 644, 696, 
1240, 968, 58, 
1241, 1390, 1554, 
1242, 1242, 915, 
1243, 1922, 165, 
1244, 261, 885, 
1245, 1816, 557, 
1246, 534, 1461, 
1247, 851, 1687, 
1248, 140, 80, 
1249, 1036, 897, 
1250, 145, 325, 
1251, 1725, 397, 
1252, 947, 258, 
1253, 1632, 378, 
1254, 580, 567, 
1255, 1211, 1255, 
1256, 2141, 1688, 
1257, 480, 1745, 
1258, 1583, 1551, 
1259, 208, 1202, 
1260, 426, 1719, 
1261, 804, 1341, 
1262, 246, 139, 
1263, 868, 1367, 
1264, 2050, 1993, 
1265, 372, 817, 
1266, 2023, 1266, 
1267, 57, 415, 
1268, 1451, 236, 
1269, 70, 1428, 
1270, 2150, 1725, 
1271, 199, 298, 
1272, 186, 230, 
1273, 1908, 1024, 
1274, 2131, 1487, 
1275, 2022, 1800, 
1276, 87, 1080, 
1277, 180, 225, 
1278, 1614, 1623, 
1279, 952, 235, 
1280, 607, 418, 
1281, 1323, 1851, 
1282, 2147, 2032, 
1283, 1029, 1603, 
1284, 229, 1842, 
1285, 1285, 1331, 
1286, 1640, 1697, 
1287, 48, 50, 
1288, 1043, 1959, 
1289, 1748, 1689, 
1290, 1878, 1592, 
1291, 1229, 1932, 
1292, 1901, 1063, 
1293, 375, 87, 
1294, 935, 951, 
1295, 338, 783, 
1296, 1644, 2058, 
1297, 614, 1110, 
1298, 779, 1032, 
1299, 1691, 898, 
1300, 39, 1432, 
1301, 1577, 1972, 
1302, 1744, 407, 
1303, 907, 212, 
1304, 543, 955, 
1305, 1689, 1421, 
1306, 1195, 1950, 
1307, 436, 1929, 
1308, 318, 1646, 
1309, 924, 1379, 
1310, 397, 1102, 
1311, 949, 246, 
1312, 1155, 1579, 
1313, 781, 854, 
1314, 844, 746, 
1315, 1357, 1799, 
1316, 227, 545, 
1317, 1330, 1458, 
1318, 1284, 1975, 
1319, 1443, 266, 
1320, 681, 313, 
1321, 1658, 1283, 
1322, 117, 1874, 
1323, 554, 419, 
1324, 723, 432, 
1325, 241, 1094, 
1326, 1776, 1782, 
1327, 2134, 1113, 
1328, 2114, 1345, 
1329, 1497, 59, 
1330, 1489, 850, 
1331, 2125, 1968, 
1332, 1915, 1442, 
1333, 94, 1974, 
1334, 545, 226, 
1335, 383, 654, 
1336, 211, 1130, 
1337, 1780, 814, 
1338, 727, 1101, 
1339, 50, 375, 
1340, 733, 444, 
1341, 1255, 1999, 
1342, 481, 610, 
1343, 427, 1694, 
1344, 1165, 1337, 
1345, 1482, 2112, 
1346, 2074, 341, 
1347, 1365, 1512, 
1348, 455, 1838, 
1349, 1458, 1908, 
1350, 1951, 989, 
1351, 165, 448, 
1352, 2079, 2056, 
1353, 963, 156, 
1354, 1231, 471, 
1355, 1383, 74, 
1356, 665, 1935, 
1357, 1940, 1622, 
1358, 1598, 1823, 
1359, 1322, 1749, 
1360, 347, 904, 
1361, 896, 1061, 
1362, 283, 454, 
1363, 876, 2120, 
1364, 1857, 925, 
1365, 709, 1492, 
1366, 1752, 531, 
1367, 969, 665, 
1368, 478, 1368, 
1369, 1369, 1446, 
1370, 99, 252, 
1371, 258, 1353, 
1372, 1372, 605, 
1373, 1373, 1412, 
1374, 1522, 1325, 
1375, 2088, 132, 
1376, 12, 533, 
1377, 884, 845, 
1378, 1404, 2014, 
1379, 1188, 1139, 
1380, 1107, 2007, 
1381, 1763, 452, 
1382, 257, 1309, 
1383, 163, 662, 
1384, 1996, 1152, 
1385, 1788, 642, 
1386, 301, 2151, 
1387, 1429, 1855, 
1388, 942, 1111, 
1389, 1253, 1193, 
1390, 812, 189, 
1391, 260, 946, 
1392, 1622, 1398, 
1393, 1868, 503, 
1394, 1525, 2085, 
1395, 913, 1262, 
1396, 1855, 112, 
1397, 215, 501, 
1398, 1470, 910, 
1399, 1209, 1722, 
1400, 1099, 2042, 
1401, 584, 1766, 
1402, 1688, 822, 
1403, 2062, 1520, 
1404, 351, 24, 
1405, 2103, 1969, 
1406, 1782, 1923, 
1407, 1452, 518, 
1408, 1439, 152, 
1409, 674, 1710, 
1410, 697, 861, 
1411, 433, 514, 
1412, 499, 1850, 
1413, 760, 261, 
1414, 9, 1986, 
1415, 332, 1274, 
1416, 767, 1723, 
1417, 259, 1741, 
1418, 729, 1240, 
1419, 630, 1955, 
1420, 662, 1410, 
1421, 682, 1905, 
1422, 230, 1528, 
1423, 202, 1206, 
1424, 1392, 28, 
1425, 1299, 119, 
1426, 2102, 131, 
1427, 448, 1778, 
1428, 364, 110, 
1429, 369, 1906, 
1430, 1736, 1430, 
1431, 1249, 1652, 
1432, 218, 520, 
1433, 1447, 494, 
1434, 192, 999, 
1435, 304, 661, 
1436, 1686, 1645, 
1437, 473, 806, 
1438, 869, 1438, 
1439, 1575, 632, 
1440, 2026, 745, 
1441, 1502, 1441, 
1442, 1243, 1902, 
1443, 761, 1530, 
1444, 497, 488, 
1445, 725, 1131, 
1446, 496, 2070, 
1447, 1217, 653, 
1448, 1650, 1735, 
1449, 1529, 1562, 
1450, 656, 1450, 
1451, 852, 703, 
1452, 470, 1064, 
1453, 1511, 526, 
1454, 142, 761, 
1455, 1037, 1858, 
1456, 701, 43, 
1457, 1545, 916, 
1458, 829, 777, 
1459, 1181, 967, 
1460, 90, 204, 
1461, 2025, 772, 
1462, 925, 1318, 
1463, 2106, 117, 
1464, 895, 2022, 
1465, 699, 45, 
1466, 326, 1265, 
1467, 292, 1358, 
1468, 508, 1473, 
1469, 1702, 1389, 
1470, 1040, 1190, 
1471, 2016, 1538, 
1472, 1822, 1186, 
1473, 17, 428, 
1474, 410, 1604, 
1475, 2085, 366, 
1476, 1980, 2009, 
1477, 1757, 420, 
1478, 1959, 1308, 
1479, 232, 649, 
1480, 1480, 334, 
1481, 1250, 1595, 
1482, 1607, 641, 
1483, 558, 1483, 
1484, 1616, 1422, 
1485, 1486, 1569, 
1486, 1041, 913, 
1487, 708, 1815, 
1488, 643, 1963, 
1489, 521, 2108, 
1490, 1328, 481, 
1491, 916, 1188, 
1492, 45, 1767, 
1493, 1493, 2106, 
1494, 1907, 1246, 
1495, 25, 1123, 
1496, 1215, 1939, 
1497, 1427, 1960, 
1498, 2121, 1302, 
1499, 1444, 1900, 
1500, 1528, 2080, 
1501, 621, 86, 
1502, 1366, 1453, 
1503, 573, 1970, 
1504, 255, 688, 
1505, 1505, 286, 
1506, 745, 300, 
1507, 1920, 550, 
1508, 1508, 128, 
1509, 354, 1878, 
1510, 1711, 486, 
1511, 412, 231, 
1512, 2093, 1839, 
1513, 743, 638, 
1514, 1436, 217, 
1515, 226, 1864, 
1516, 2036, 1035, 
1517, 1839, 975, 
1518, 726, 1892, 
1519, 2047, 1471, 
1520, 1239, 954, 
1521, 1833, 1865, 
1522, 1562, 1518, 
1523, 1587, 1243, 
1524, 2087, 1524, 
1525, 917, 395, 
1526, 453, 1423, 
1527, 1796, 1958, 
1528, 98, 1924, 
1529, 664, 191, 
1530, 900, 1040, 
1531, 1531, 1552, 
1532, 740, 863, 
1533, 1122, 347, 
1534, 650, 1541, 
1535, 803, 868, 
1536, 61, 149, 
1537, 1590, 1792, 
1538, 1592, 1936, 
1539, 1891, 1539, 
1540, 193, 2111, 
1541, 1072, 755, 
1542, 677, 714, 
1543, 281, 1068, 
1544, 59, 417, 
1545, 1527, 800, 
1546, 1974, 1359, 
1547, 1038, 1647, 
1548, 1864, 71, 
1549, 1543, 484, 
1550, 1585, 1120, 
1551, 1182, 591, 
1552, 1214, 292, 
1553, 797, 1132, 
1554, 1519, 11, 
1555, 97, 1721, 
1556, 1445, 880, 
1557, 1721, 2119, 
1558, 1993, 686, 
1559, 1526, 2078, 
1560, 1280, 808, 
1561, 1704, 355, 
1562, 1724, 1237, 
1563, 857, 1289, 
1564, 784, 855, 
1565, 1874, 1820, 
1566, 1416, 541, 
1567, 398, 1796, 
1568, 2003, 2130, 
1569, 161, 307, 
1570, 1648, 722, 
1571, 1509, 1000, 
1572, 1621, 2015, 
1573, 1476, 1034, 
1574, 1913, 69, 
1575, 1897, 1200, 
1576, 1202, 1056, 
1577, 1682, 1962, 
1578, 1020, 523, 
1579, 456, 756, 
1580, 1635, 956, 
1581, 1178, 326, 
1582, 604, 1126, 
1583, 188, 1510, 
1584, 1098, 311, 
1585, 763, 214, 
1586, 550, 1830, 
1587, 1236, 2045, 
1588, 787, 1973, 
1589, 2014, 1092, 
1590, 514, 660, 
1591, 661, 1717, 
1592, 153, 1650, 
1593, 1168, 44, 
1594, 1812, 1454, 
1595, 381, 1943, 
1596, 322, 84, 
1597, 1093, 972, 
1598, 798, 1598, 
1599, 2086, 534, 
1600, 888, 358, 
1601, 40, 960, 
1602, 1354, 352, 
1603, 1309, 1550, 
1604, 1438, 138, 
1605, 700, 424, 
1606, 1606, 973, 
1607, 1924, 1982, 
1608, 2069, 1467, 
1609, 1652, 1583, 
1610, 76, 612, 
1611, 923, 993, 
1612, 777, 1499, 
1613, 207, 1670, 
1614, 2097, 1156, 
1615, 571, 1624, 
1616, 37, 1462, 
1617, 28, 1072, 
1618, 1986, 99, 
1619, 1560, 1205, 
1620, 1997, 1346, 
1621, 608, 425, 
1622, 252, 103, 
1623, 915, 1587, 
1624, 1637, 1048, 
1625, 524, 906, 
1626, 773, 321, 
1627, 391, 1811, 
1628, 731, 1455, 
1629, 710, 694, 
1630, 502, 624, 
1631, 1042, 161, 
1632, 1044, 357, 
1633, 254, 1875, 
1634, 627, 776, 
1635, 666, 1375, 
1636, 599, 1142, 
1637, 374, 1402, 
1638, 1428, 584, 
1639, 2055, 1639, 
1640, 520, 1641, 
1641, 1803, 658, 
1642, 1149, 434, 
1643, 1501, 1239, 
1644, 1360, 2073, 
1645, 1998, 244, 
1646, 1646, 869, 
1647, 1952, 1826, 
1648, 1012, 1648, 
1649, 394, 2091, 
1650, 820, 1013, 
1651, 553, 1036, 
1652, 1167, 1531, 
1653, 1106, 95, 
1654, 610, 2066, 
1655, 1318, 1940, 
1656, 1747, 867, 
1657, 768, 835, 
1658, 1800, 1876, 
1659, 1742, 1388, 
1660, 100, 253, 
1661, 609, 769, 
1662, 454, 487, 
1663, 1950, 1577, 
1664, 762, 1857, 
1665, 492, 921, 
1666, 1009, 852, 
1667, 80, 167, 
1668, 1356, 572, 
1669, 606, 1619, 
1670, 1745, 1300, 
1671, 376, 197, 
1672, 89, 586, 
1673, 1308, 1377, 
1674, 549, 1833, 
1675, 753, 824, 
1676, 1156, 1768, 
1677, 575, 1890, 
1678, 1840, 1137, 
1679, 204, 832, 
1680, 1271, 1712, 
1681, 2063, 297, 
1682, 513, 118, 
1683, 1091, 186, 
1684, 1992, 1211, 
1685, 1627, 1411, 
1686, 1807, 1349, 
1687, 2078, 1654, 
1688, 173, 163, 
1689, 35, 965, 
1690, 1690, 652, 
1691, 1120, 1860, 
1692, 1593, 1319, 
1693, 654, 782, 
1694, 1790, 1301, 
1695, 705, 552, 
1696, 1218, 1556, 
1697, 393, 108, 
1698, 826, 1672, 
1699, 1557, 1493, 
1700, 484, 223, 
1701, 1173, 1701, 
1702, 2054, 1180, 
1703, 1990, 1519, 
1704, 1599, 1692, 
1705, 30, 985, 
1706, 1538, 129, 
1707, 1105, 394, 
1708, 1074, 796, 
1709, 1628, 279, 
1710, 1859, 329, 
1711, 632, 1711, 
1712, 1000, 2069, 
1713, 1713, 461, 
1714, 537, 563, 
1715, 670, 1042, 
1716, 1286, 1808, 
1717, 1471, 1698, 
1718, 244, 338, 
1719, 1677, 617, 
1720, 1465, 1985, 
1721, 1795, 469, 
1722, 1379, 1563, 
1723, 2124, 1401, 
1724, 1278, 1456, 
1725, 342, 576, 
1726, 2146, 460, 
1727, 124, 765, 
1728, 1793, 7, 
1729, 1331, 813, 
1730, 994, 248, 
1731, 525, 75, 
1732, 1732, 208, 
1733, 541, 1638, 
1734, 2053, 1626, 
1735, 1735, 532, 
1736, 1727, 1052, 
1737, 1026, 743, 
1738, 63, 2123, 
1739, 1786, 516, 
1740, 77, 1091, 
1741, 848, 851, 
1742, 143, 1491, 
1743, 926, 1022, 
1744, 2090, 1151, 
1745, 769, 391, 
1746, 1768, 1793, 
1747, 341, 2039, 
1748, 2100, 848, 
1749, 156, 1884, 
1750, 167, 1294, 
1751, 395, 1112, 
1752, 1130, 1752, 
1753, 566, 390, 
1754, 1555, 82, 
1755, 1755, 2144, 
1756, 1623, 289, 
1757, 251, 1004, 
1758, 1865, 1108, 
1759, 620, 1383, 
1760, 1760, 288, 
1761, 624, 68, 
1762, 546, 57, 
1763, 95, 320, 
1764, 1584, 280, 
1765, 1765, 282, 
1766, 1791, 556, 
1767, 1259, 1514, 
1768, 189, 2098, 
1769, 1203, 2094, 
1770, 1198, 354, 
1771, 928, 1029, 
1772, 1391, 687, 
1773, 1479, 721, 
1774, 1456, 968, 
1775, 2027, 1404, 
1776, 266, 614, 
1777, 406, 2138, 
1778, 2080, 81, 
1779, 735, 895, 
1780, 368, 865, 
1781, 828, 2103, 
1782, 1904, 821, 
1783, 334, 1618, 
1784, 1569, 251, 
1785, 692, 1995, 
1786, 331, 1786, 
1787, 34, 643, 
1788, 814, 1632, 
1789, 1697, 276, 
1790, 1146, 1997, 
1791, 2077, 1098, 
1792, 1758, 1099, 
1793, 1303, 1221, 
1794, 485, 1504, 
1795, 1568, 1644, 
1796, 778, 676, 
1797, 88, 1567, 
1798, 2010, 183, 
1799, 1643, 1097, 
1800, 873, 1357, 
1801, 214, 1489, 
1802, 328, 61, 
1803, 759, 883, 
1804, 1659, 2096, 
1805, 1382, 1363, 
1806, 1425, 2024, 
1807, 504, 1173, 
1808, 998, 987, 
1809, 1079, 1685, 
1810, 184, 1938, 
1811, 1490, 1317, 
1812, 305, 1263, 
1813, 1276, 986, 
1814, 1051, 1585, 
1815, 400, 1731, 
1816, 683, 1763, 
1817, 1608, 837, 
1818, 212, 1513, 
1819, 659, 1903, 
1820, 1145, 459, 
1821, 1615, 1470, 
1822, 423, 368, 
1823, 2018, 811, 
1824, 1866, 1135, 
1825, 989, 1573, 
1826, 737, 229, 
1827, 1827, 1212, 
1828, 1157, 872, 
1829, 818, 1009, 
1830, 576, 1281, 
1831, 1073, 1831, 
1832, 1794, 317, 
1833, 871, 314, 
1834, 1430, 792, 
1835, 141, 1252, 
1836, 2140, 1128, 
1837, 1579, 1165, 
1838, 1923, 1991, 
1839, 1374, 1637, 
1840, 747, 1496, 
1841, 1902, 1841, 
1842, 67, 1559, 
1843, 493, 2065, 
1844, 240, 1992, 
1845, 13, 1883, 
1846, 750, 1846, 
1847, 243, 303, 
1848, 1848, 1848, 
1849, 506, 780, 
1850, 1010, 645, 
1851, 961, 1017, 
1852, 1797, 1945, 
1853, 1853, 111, 
1854, 809, 1898, 
1855, 802, 899, 
1856, 1856, 896, 
1857, 1414, 969, 
1858, 578, 2004, 
1859, 2073, 900, 
1860, 1484, 416, 
1861, 402, 905, 
1862, 811, 1225, 
1863, 673, 1179, 
1864, 1334, 1998, 
1865, 2046, 1076, 
1866, 2136, 173, 
1867, 704, 590, 
1868, 1771, 970, 
1869, 686, 637, 
1870, 465, 1680, 
1871, 904, 1535, 
1872, 574, 715, 
1873, 1843, 281, 
1874, 734, 472, 
1875, 178, 1879, 
1876, 538, 466, 
1877, 1666, 1511, 
1878, 1918, 693, 
1879, 475, 172, 
1880, 1089, 1663, 
1881, 1770, 704, 
1882, 1388, 713, 
1883, 1108, 1804, 
1884, 634, 1235, 
1885, 523, 1506, 
1886, 1947, 1930, 
1887, 1294, 1887, 
1888, 746, 1888, 
1889, 1371, 1185, 
1890, 1870, 1364, 
1891, 1282, 343, 
1892, 2004, 265, 
1893, 1025, 644, 
1894, 990, 1001, 
1895, 1507, 1601, 
1896, 1896, 291, 
1897, 569, 1744, 
1898, 628, 1016, 
1899, 1340, 1384, 
1900, 2109, 271, 
1901, 1642, 748, 
1902, 279, 935, 
1903, 388, 593, 
1904, 1378, 1323, 
1905, 1030, 1926, 
1906, 1639, 337, 
1907, 82, 218, 
1908, 663, 1386, 
1909, 859, 1919, 
1910, 1499, 344, 
1911, 1475, 1907, 
1912, 1912, 1021, 
1913, 1695, 1095, 
1914, 1914, 185, 
1915, 93, 582, 
1916, 1187, 1575, 
1917, 47, 1734, 
1918, 984, 2132, 
1919, 2021, 1208, 
1920, 1594, 1159, 
1921, 535, 949, 
1922, 1953, 1523, 
1923, 1731, 304, 
1924, 623, 1927, 
1925, 991, 936, 
1926, 1067, 1457, 
1927, 1133, 1374, 
1928, 1234, 1665, 
1929, 274, 1843, 
1930, 552, 1258, 
1931, 696, 255, 
1932, 150, 668, 
1933, 1071, 1118, 
1934, 1942, 436, 
1935, 170, 1557, 
1936, 1116, 1050, 
1937, 582, 77, 
1938, 612, 479, 
1939, 1464, 1795, 
1940, 495, 27, 
1941, 1715, 1691, 
1942, 1567, 1522, 
1943, 1970, 2048, 
1944, 356, 1096, 
1945, 1597, 1596, 
1946, 2084, 560, 
1947, 463, 1893, 
1948, 1651, 273, 
1949, 930, 1167, 
1950, 1359, 458, 
1951, 197, 1951, 
1952, 1118, 2087, 
1953, 1674, 1747, 
1954, 1954, 1597, 
1955, 766, 659, 
1956, 1956, 1964, 
1957, 1842, 2134, 
1958, 530, 1090, 
1959, 444, 934, 
1960, 986, 990, 
1961, 2145, 2149, 
1962, 1962, 63, 
1963, 2008, 351, 
1964, 721, 1714, 
1965, 557, 815, 
1966, 27, 2033, 
1967, 2095, 1713, 
1968, 133, 1829, 
1969, 1969, 1395, 
1970, 1141, 198, 
1971, 954, 1150, 
1972, 1536, 1055, 
1973, 560, 747, 
1974, 1775, 193, 
1975, 616, 1561, 
1976, 775, 2133, 
1977, 1302, 1445, 
1978, 1031, 596, 
1979, 51, 730, 
1980, 1086, 929, 
1981, 1394, 1540, 
1982, 1353, 1409, 
1983, 1376, 535, 
1984, 1984, 1125, 
1985, 296, 1315, 
1986, 1335, 1666, 
1987, 1971, 833, 
1988, 1467, 22, 
1989, 879, 1593, 
1990, 64, 786, 
1991, 2148, 349, 
1992, 764, 4, 
1993, 1784, 1681, 
1994, 83, 1682, 
1995, 92, 1967, 
1996, 1576, 728, 
1997, 1412, 1181, 
1998, 1845, 1760, 
1999, 1440, 787, 
2000, 790, 1019, 
2001, 810, 290, 
2002, 1140, 114, 
2003, 1726, 435, 
2004, 289, 2028, 
2005, 1764, 804, 
2006, 1406, 2006, 
2007, 1881, 930, 
2008, 486, 736, 
2009, 2152, 1771, 
2010, 598, 759, 
2011, 839, 412, 
2012, 867, 1918, 
2013, 2137, 700, 
2014, 967, 711, 
2015, 1631, 920, 
2016, 1039, 857, 
2017, 619, 981, 
2018, 590, 2018, 
2019, 1935, 1439, 
2020, 429, 1373, 
2021, 865, 991, 
2022, 1663, 818, 
2023, 377, 2125, 
2024, 1216, 522, 
2025, 730, 1584, 
2026, 1147, 2076, 
2027, 1535, 1273, 
2028, 358, 305, 
2029, 469, 771, 
2030, 15, 1679, 
2031, 1625, 2010, 
2032, 159, 10, 
2033, 2056, 1657, 
2034, 2052, 442, 
2035, 1033, 1787, 
2036, 2048, 29, 
2037, 548, 1082, 
2038, 800, 450, 
2039, 6, 1547, 
2040, 1872, 512, 
2041, 1500, 93, 
2042, 1756, 1314, 
2043, 1762, 879, 
2044, 861, 1216, 
2045, 1190, 757, 
2046, 795, 2114, 
2047, 1058, 1931, 
2048, 1088, 657, 
2049, 461, 953, 
2050, 703, 1590, 
2051, 148, 937, 
2052, 1987, 1904, 
2053, 1871, 1498, 
2054, 1183, 1715, 
2055, 863, 664, 
2056, 1716, 1169, 
2057, 144, 345, 
2058, 1836, 361, 
2059, 872, 319, 
2060, 667, 538, 
2061, 482, 2061, 
2062, 1279, 1025, 
2063, 228, 2063, 
2064, 906, 1527, 
2065, 889, 1121, 
2066, 899, 1776, 
2067, 1400, 359, 
2068, 129, 34, 
2069, 181, 35, 
2070, 131, 724, 
2071, 878, 633, 
2072, 638, 554, 
2073, 2051, 380, 
2074, 1197, 511, 
2075, 2075, 816, 
2076, 2094, 2052, 
2077, 1370, 464, 
2078, 1468, 32, 
2079, 712, 673, 
2080, 149, 1642, 
2081, 540, 588, 
2082, 1821, 2082, 
2083, 613, 1344, 
2084, 1917, 508, 
2085, 53, 944, 
2086, 1162, 1988, 
2087, 1710, 1241, 
2088, 1244, 611, 
2089, 2089, 678, 
2090, 978, 1170, 
2091, 927, 1872, 
2092, 636, 2053, 
2093, 2151, 1100, 
2094, 501, 328, 
2095, 1810, 1168, 
2096, 579, 2127, 
2097, 1115, 616, 
2098, 1656, 543, 
2099, 1753, 1877, 
2100, 1096, 133, 
2101, 679, 2049, 
2102, 1426, 2017, 
2103, 447, 1983, 
2104, 887, 1897, 
2105, 2105, 182, 
2106, 68, 1861, 
2107, 1751, 2107, 
2108, 1570, 1327, 
2109, 689, 240, 
2110, 2110, 1403, 
2111, 79, 1627, 
2112, 2138, 38, 
2113, 1683, 141, 
2114, 772, 263, 
2115, 1895, 102, 
2116, 1477, 731, 
2117, 921, 752, 
2118, 1301, 1299, 
2119, 2072, 1695, 
2120, 973, 364, 
2121, 980, 1748, 
2122, 2122, 2122, 
2123, 324, 670, 
2124, 1673, 651, 
2125, 522, 607, 
2126, 196, 785, 
2127, 1712, 140, 
2128, 2030, 577, 
2129, 1948, 1656, 
2130, 724, 1075, 
2131, 1385, 1198, 
2132, 770, 1044, 
2133, 200, 530, 
2134, 1789, 1852, 
2135, 457, 2135, 
2136, 265, 1979, 
2137, 1514, 988, 
2138, 1220, 5, 
2139, 1551, 443, 
2140, 1737, 1087, 
2141, 595, 1231, 
2142, 366, 2139, 
2143, 1232, 992, 
2144, 477, 823, 
2145, 688, 841, 
2146, 71, 1008, 
2147, 2031, 597, 
2148, 655, 188, 
2149, 519, 1886, 
2150, 1754, 1533, 
2151, 91, 327, 
2152, 625, 1340, 
