nbElements: 2153
indexFenetre, indexVoletGauche, indexVoletDroit, 
0, 309, 1133, 
1, 407, 1289, 
2, 274, 88, 
3, 1278, 587, 
4, 1226, 1745, 
5, 1535, 1739, 
6, 1248, 1921, 
7, 1120, 379, 
8, 1868, 2114, 
9, 714, 1212, 
10, 187, 220, 
11, 1914, 2027, 
12, 1883, 274, 
13, 1716, 12, 
14, 1810, 205, 
15, 1193, 891, 
16, 1714, 1122, 
17, 1674, 1287, 
18, 1249, 1820, 
19, 198, 1731, 
20, 766, 340, 
21, 60, 2071, 
22, 373, 1900, 
23, 844, 2044, 
24, 1968, 1762, 
25, 731, 730, 
26, 1008, 605, 
27, 2113, 1721, 
28, 357, 551, 
29, 792, 234, 
30, 1159, 52, 
31, 1050, 1597, 
32, 808, 1479, 
33, 1467, 735, 
34, 296, 356, 
35, 401, 244, 
36, 1550, 1371, 
37, 1554, 1529, 
38, 1582, 552, 
39, 167, 740, 
40, 1599, 1472, 
41, 2004, 806, 
42, 539, 301, 
43, 1936, 1410, 
44, 1213, 186, 
45, 297, 1905, 
46, 441, 2014, 
47, 464, 1112, 
48, 477, 157, 
49, 1030, 115, 
50, 1823, 48, 
51, 1830, 1646, 
52, 162, 138, 
53, 711, 672, 
54, 335, 1659, 
55, 1417, 1604, 
56, 507, 1953, 
57, 1080, 917, 
58, 1627, 74, 
59, 1339, 1205, 
60, 1620, 467, 
61, 221, 328, 
62, 1944, 1125, 
63, 322, 1695, 
64, 1321, 1415, 
65, 380, 666, 
66, 245, 527, 
67, 2060, 893, 
68, 2007, 1207, 
69, 2017, 577, 
70, 87, 722, 
71, 948, 1918, 
72, 205, 1005, 
73, 1299, 713, 
74, 1698, 1282, 
75, 25, 780, 
76, 811, 273, 
77, 969, 2079, 
78, 1113, 1483, 
79, 240, 1443, 
80, 1399, 630, 
81, 2000, 389, 
82, 930, 607, 
83, 1099, 284, 
84, 1832, 330, 
85, 1215, 500, 
86, 164, 1152, 
87, 1749, 1186, 
88, 1001, 608, 
89, 662, 1460, 
90, 758, 352, 
91, 1581, 920, 
92, 949, 1615, 
93, 893, 1019, 
94, 471, 135, 
95, 809, 125, 
96, 126, 475, 
97, 1939, 417, 
98, 1154, 523, 
99, 374, 1730, 
100, 1233, 741, 
101, 1678, 218, 
102, 626, 2003, 
103, 118, 1306, 
104, 2022, 1935, 
105, 1637, 872, 
106, 2089, 1593, 
107, 363, 1231, 
108, 1758, 144, 
109, 15, 831, 
110, 1181, 1050, 
111, 1923, 516, 
112, 39, 219, 
113, 1439, 498, 
114, 1381, 1640, 
115, 1169, 2030, 
116, 1895, 1661, 
117, 1114, 1881, 
118, 211, 1871, 
119, 546, 2119, 
120, 229, 251, 
121, 865, 1869, 
122, 460, 1471, 
123, 1563, 2097, 
124, 989, 1595, 
125, 238, 441, 
126, 1259, 799, 
127, 2144, 1022, 
128, 1811, 2094, 
129, 1847, 1445, 
130, 96, 1216, 
131, 12, 594, 
132, 2009, 2139, 
133, 928, 792, 
134, 304, 312, 
135, 1574, 1274, 
136, 2117, 649, 
137, 1903, 2038, 
138, 1411, 553, 
139, 1311, 150, 
140, 1054, 1856, 
141, 71, 772, 
142, 412, 1116, 
143, 110, 1554, 
144, 1938, 886, 
145, 1869, 1503, 
146, 129, 997, 
147, 428, 1373, 
148, 1368, 944, 
149, 938, 464, 
150, 1089, 371, 
151, 1440, 693, 
152, 321, 1549, 
153, 1161, 679, 
154, 778, 771, 
155, 557, 364, 
156, 38, 1273, 
157, 786, 370, 
158, 389, 1756, 
159, 120, 1132, 
160, 2049, 198, 
161, 1308, 1684, 
162, 1348, 1499, 
163, 325, 158, 
164, 1151, 518, 
165, 567, 2072, 
166, 516, 91, 
167, 1863, 1447, 
168, 2085, 2022, 
169, 34, 1815, 
170, 1329, 343, 
171, 204, 1544, 
172, 1221, 1255, 
173, 709, 1860, 
174, 1892, 1361, 
175, 1220, 1221, 
176, 2140, 1052, 
177, 1576, 1761, 
178, 1548, 1567, 
179, 1981, 766, 
180, 721, 1398, 
181, 1456, 1645, 
182, 740, 1202, 
183, 2, 902, 
184, 1418, 43, 
185, 1513, 774, 
186, 2014, 659, 
187, 1082, 1084, 
188, 1861, 1335, 
189, 2124, 78, 
190, 250, 840, 
191, 977, 782, 
192, 986, 1265, 
193, 2116, 130, 
194, 1112, 950, 
195, 152, 987, 
196, 202, 908, 
197, 171, 1228, 
198, 1600, 1023, 
199, 251, 1647, 
200, 2062, 945, 
201, 208, 588, 
202, 1736, 1683, 
203, 791, 2052, 
204, 560, 1082, 
205, 1407, 265, 
206, 652, 1569, 
207, 233, 1574, 
208, 634, 1552, 
209, 1149, 1522, 
210, 305, 1402, 
211, 873, 1926, 
212, 1288, 952, 
213, 1741, 1339, 
214, 1191, 480, 
215, 1839, 1080, 
216, 1279, 734, 
217, 1164, 1862, 
218, 924, 1144, 
219, 141, 1311, 
220, 2052, 855, 
221, 643, 495, 
222, 1286, 2021, 
223, 2030, 55, 
224, 970, 1717, 
225, 1488, 1736, 
226, 1042, 2008, 
227, 1831, 1541, 
228, 1115, 1493, 
229, 1715, 504, 
230, 1783, 1007, 
231, 1827, 1915, 
232, 1277, 910, 
233, 1210, 714, 
234, 2037, 1624, 
235, 1780, 1799, 
236, 845, 2132, 
237, 540, 935, 
238, 1665, 189, 
239, 1977, 1852, 
240, 10, 702, 
241, 630, 2146, 
242, 1558, 1233, 
243, 2080, 896, 
244, 1761, 1863, 
245, 1347, 695, 
246, 1744, 1703, 
247, 1894, 1363, 
248, 1636, 576, 
249, 1261, 345, 
250, 819, 1097, 
251, 583, 1297, 
252, 1727, 1124, 
253, 1369, 1952, 
254, 502, 40, 
255, 1908, 1376, 
256, 625, 2089, 
257, 633, 1667, 
258, 983, 1599, 
259, 504, 1268, 
260, 1806, 1506, 
261, 1608, 862, 
262, 1274, 1868, 
263, 961, 1210, 
264, 483, 315, 
265, 439, 54, 
266, 1626, 1526, 
267, 1735, 104, 
268, 993, 781, 
269, 588, 789, 
270, 1589, 1985, 
271, 561, 1480, 
272, 51, 437, 
273, 657, 1792, 
274, 1176, 664, 
275, 121, 1087, 
276, 1345, 979, 
277, 950, 795, 
278, 875, 1367, 
279, 1795, 289, 
280, 543, 515, 
281, 1570, 530, 
282, 527, 919, 
283, 313, 606, 
284, 1156, 583, 
285, 1828, 904, 
286, 2119, 663, 
287, 1725, 1155, 
288, 647, 1696, 
289, 291, 1302, 
290, 1056, 1086, 
291, 1153, 1527, 
292, 1990, 20, 
293, 1075, 1357, 
294, 2133, 628, 
295, 405, 1665, 
296, 139, 949, 
297, 444, 673, 
298, 2011, 327, 
299, 1239, 414, 
300, 1684, 1242, 
301, 410, 179, 
302, 636, 2006, 
303, 761, 1184, 
304, 957, 1237, 
305, 1955, 1509, 
306, 1564, 1168, 
307, 853, 1924, 
308, 1241, 1380, 
309, 342, 29, 
310, 1587, 1979, 
311, 52, 1657, 
312, 854, 164, 
313, 1629, 1803, 
314, 169, 532, 
315, 769, 1895, 
316, 1852, 1893, 
317, 639, 1575, 
318, 940, 2091, 
319, 667, 678, 
320, 1788, 229, 
321, 131, 425, 
322, 2110, 2143, 
323, 1354, 398, 
324, 503, 864, 
325, 93, 598, 
326, 1312, 1776, 
327, 86, 45, 
328, 0, 591, 
329, 2002, 1219, 
330, 2012, 1336, 
331, 1409, 1600, 
332, 1966, 616, 
333, 2081, 1719, 
334, 824, 1702, 
335, 898, 988, 
336, 484, 97, 
337, 1605, 2018, 
338, 746, 203, 
339, 174, 34, 
340, 1349, 1000, 
341, 804, 171, 
342, 1775, 479, 
343, 2079, 1729, 
344, 1649, 562, 
345, 279, 871, 
346, 1527, 1408, 
347, 1843, 1962, 
348, 1494, 2062, 
349, 526, 1623, 
350, 142, 1643, 
351, 1463, 524, 
352, 1834, 900, 
353, 223, 1213, 
354, 2013, 757, 
355, 900, 53, 
356, 387, 302, 
357, 1201, 354, 
358, 276, 1227, 
359, 1285, 1616, 
360, 775, 1481, 
361, 674, 436, 
362, 1416, 361, 
363, 1584, 222, 
364, 1782, 1436, 
365, 2055, 753, 
366, 136, 446, 
367, 614, 720, 
368, 1313, 1243, 
369, 523, 321, 
370, 257, 1840, 
371, 1060, 224, 
372, 795, 1338, 
373, 1633, 574, 
374, 742, 1977, 
375, 155, 206, 
376, 1294, 875, 
377, 1875, 100, 
378, 1645, 542, 
379, 43, 800, 
380, 213, 39, 
381, 1043, 586, 
382, 1090, 1519, 
383, 2101, 1839, 
384, 1469, 1164, 
385, 243, 462, 
386, 752, 690, 
387, 1256, 548, 
388, 1958, 1949, 
389, 11, 2002, 
390, 156, 1261, 
391, 606, 1358, 
392, 789, 826, 
393, 627, 134, 
394, 149, 307, 
395, 161, 963, 
396, 1777, 802, 
397, 398, 1166, 
398, 14, 2032, 
399, 1206, 1723, 
400, 749, 308, 
401, 140, 1107, 
402, 411, 1999, 
403, 145, 430, 
404, 566, 1143, 
405, 485, 1913, 
406, 261, 296, 
407, 1117, 549, 
408, 1797, 1701, 
409, 1352, 1500, 
410, 287, 925, 
411, 2138, 512, 
412, 2090, 1038, 
413, 1682, 1437, 
414, 1297, 1187, 
415, 2040, 1628, 
416, 1700, 468, 
417, 623, 983, 
418, 912, 835, 
419, 840, 692, 
420, 163, 1619, 
421, 36, 773, 
422, 324, 1743, 
423, 1610, 282, 
424, 1902, 1034, 
425, 430, 1364, 
426, 1066, 1153, 
427, 1327, 489, 
428, 340, 499, 
429, 1242, 571, 
430, 1793, 147, 
431, 1809, 1810, 
432, 1591, 290, 
433, 1452, 1427, 
434, 1532, 1393, 
435, 49, 405, 
436, 1590, 26, 
437, 1635, 418, 
438, 310, 1916, 
439, 642, 187, 
440, 1077, 49, 
441, 1886, 843, 
442, 820, 492, 
443, 1934, 196, 
444, 2016, 567, 
445, 1873, 1118, 
446, 829, 2026, 
447, 1140, 1728, 
448, 1857, 1197, 
449, 1240, 1401, 
450, 1946, 94, 
451, 1813, 1254, 
452, 1709, 1588, 
453, 1427, 1385, 
454, 1980, 565, 
455, 2125, 331, 
456, 959, 2015, 
457, 179, 28, 
458, 1864, 1685, 
459, 528, 0, 
460, 435, 1651, 
461, 119, 212, 
462, 1685, 2116, 
463, 377, 1490, 
464, 684, 1488, 
465, 1751, 246, 
466, 103, 651, 
467, 1538, 1752, 
468, 1962, 1995, 
469, 404, 1882, 
470, 1129, 1573, 
471, 1647, 569, 
472, 1363, 1463, 
473, 1132, 358, 
474, 716, 2035, 
475, 849, 883, 
476, 1372, 1425, 
477, 386, 449, 
478, 1802, 1580, 
479, 1111, 1246, 
480, 1595, 701, 
481, 1632, 44, 
482, 175, 644, 
483, 801, 1388, 
484, 1993, 708, 
485, 467, 1550, 
486, 1916, 2080, 
487, 851, 1890, 
488, 425, 1225, 
489, 417, 1491, 
490, 562, 324, 
491, 2042, 1258, 
492, 1928, 632, 
493, 1681, 18, 
494, 867, 98, 
495, 1480, 1577, 
496, 770, 2031, 
497, 1976, 704, 
498, 30, 1558, 
499, 640, 1766, 
500, 545, 1130, 
501, 648, 709, 
502, 220, 1374, 
503, 591, 256, 
504, 173, 496, 
505, 2082, 305, 
506, 1247, 1161, 
507, 665, 1394, 
508, 29, 1609, 
509, 597, 1421, 
510, 1890, 1747, 
511, 1978, 304, 
512, 1965, 1434, 
513, 514, 1498, 
514, 299, 1911, 
515, 1055, 954, 
516, 1979, 1456, 
517, 2045, 1938, 
518, 246, 1078, 
519, 905, 1195, 
520, 469, 784, 
521, 823, 1181, 
522, 1884, 314, 
523, 2152, 812, 
524, 1878, 626, 
525, 1384, 916, 
526, 256, 502, 
527, 1552, 876, 
528, 361, 572, 
529, 1909, 1032, 
530, 108, 2053, 
531, 2120, 1015, 
532, 1598, 61, 
533, 510, 526, 
534, 608, 697, 
535, 1133, 2108, 
536, 741, 1046, 
537, 1524, 544, 
538, 1307, 1642, 
539, 965, 755, 
540, 730, 1018, 
541, 1036, 1422, 
542, 1501, 2016, 
543, 2025, 818, 
544, 1787, 2075, 
545, 424, 776, 
546, 1018, 1694, 
547, 1675, 1914, 
548, 1801, 1220, 
549, 2059, 470, 
550, 271, 1793, 
551, 680, 1912, 
552, 1826, 563, 
553, 1449, 2039, 
554, 1323, 1796, 
555, 2067, 2037, 
556, 1579, 1536, 
557, 720, 438, 
558, 1069, 368, 
559, 1760, 1581, 
560, 1638, 2090, 
561, 1458, 367, 
562, 1646, 1121, 
563, 1586, 1217, 
564, 594, 1414, 
565, 876, 823, 
566, 1362, 2068, 
567, 559, 424, 
568, 1859, 1390, 
569, 592, 1291, 
570, 147, 1940, 
571, 493, 1964, 
572, 763, 2096, 
573, 1162, 2033, 
574, 306, 2086, 
575, 1273, 931, 
576, 385, 1919, 
577, 1557, 213, 
578, 2024, 589, 
579, 354, 431, 
580, 931, 1814, 
581, 225, 894, 
582, 85, 95, 
583, 927, 681, 
584, 1856, 1679, 
585, 697, 178, 
586, 46, 501, 
587, 537, 1859, 
588, 549, 1025, 
589, 1473, 947, 
590, 1209, 752, 
591, 1342, 1318, 
592, 1196, 1054, 
593, 1447, 901, 
594, 492, 1058, 
595, 479, 497, 
596, 266, 1939, 
597, 1573, 1908, 
598, 1104, 1029, 
599, 319, 396, 
600, 1575, 1131, 
601, 95, 227, 
602, 1185, 1579, 
603, 1930, 1887, 
604, 336, 732, 
605, 1073, 75, 
606, 676, 1972, 
607, 1717, 1063, 
608, 1739, 1090, 
609, 673, 1003, 
610, 446, 2123, 
611, 525, 1484, 
612, 1562, 1674, 
613, 530, 1897, 
614, 1335, 540, 
615, 433, 2036, 
616, 419, 654, 
617, 1483, 1591, 
618, 176, 1300, 
619, 1996, 2055, 
620, 2019, 230, 
621, 1317, 937, 
622, 571, 1426, 
623, 1755, 561, 
624, 1943, 1275, 
625, 707, 1067, 
626, 973, 994, 
627, 1692, 1351, 
628, 762, 1238, 
629, 2109, 1947, 
630, 600, 1829, 
631, 1672, 2045, 
632, 601, 237, 
633, 768, 112, 
634, 1292, 597, 
635, 248, 1429, 
636, 2043, 2054, 
637, 1769, 225, 
638, 1500, 2, 
639, 468, 297, 
640, 445, 2126, 
641, 1379, 1476, 
642, 1497, 1690, 
643, 231, 1053, 
644, 1533, 126, 
645, 244, 1362, 
646, 1953, 1045, 
647, 572, 2020, 
648, 203, 1866, 
649, 125, 1501, 
650, 1969, 1305, 
651, 1712, 459, 
652, 859, 2117, 
653, 104, 1605, 
654, 879, 182, 
655, 1794, 775, 
656, 399, 1190, 
657, 1138, 319, 
658, 1187, 347, 
659, 2111, 8, 
660, 1081, 1309, 
661, 1607, 686, 
662, 616, 1727, 
663, 738, 1114, 
664, 1002, 1833, 
665, 1796, 748, 
666, 396, 1494, 
667, 985, 23, 
668, 65, 1464, 
669, 1491, 743, 
670, 1046, 578, 
671, 932, 1800, 
672, 177, 596, 
673, 619, 1555, 
674, 418, 1002, 
675, 1767, 726, 
676, 628, 958, 
677, 926, 924, 
678, 1609, 962, 
679, 1300, 1452, 
680, 1272, 300, 
681, 1203, 1699, 
682, 671, 827, 
683, 1265, 531, 
684, 2051, 1561, 
685, 329, 72, 
686, 1924, 92, 
687, 1423, 1094, 
688, 432, 1787, 
689, 782, 1482, 
690, 1121, 377, 
691, 1650, 617, 
692, 1208, 1837, 
693, 148, 1804, 
694, 1408, 427, 
695, 1306, 1461, 
696, 406, 973, 
697, 1666, 556, 
698, 63, 140, 
699, 1959, 313, 
700, 112, 1671, 
701, 621, 2017, 
702, 1190, 311, 
703, 182, 1454, 
704, 979, 1320, 
705, 1333, 166, 
706, 183, 1819, 
707, 710, 1441, 
708, 921, 1111, 
709, 440, 763, 
710, 1511, 923, 
711, 1141, 1049, 
712, 830, 1898, 
713, 2103, 1831, 
714, 1860, 1047, 
715, 907, 241, 
716, 1838, 1204, 
717, 835, 995, 
718, 1679, 703, 
719, 1531, 1538, 
720, 1074, 176, 
721, 1604, 2063, 
722, 737, 1781, 
723, 379, 221, 
724, 1281, 2034, 
725, 1496, 1280, 
726, 2061, 1457, 
727, 877, 1853, 
728, 2128, 2059, 
729, 1781, 1794, 
730, 1094, 1127, 
731, 1414, 629, 
732, 1412, 1576, 
733, 1534, 1409, 
734, 1137, 1711, 
735, 475, 257, 
736, 967, 216, 
737, 2105, 1625, 
738, 994, 443, 
739, 1848, 494, 
740, 1983, 1720, 
741, 696, 2088, 
742, 886, 1706, 
743, 81, 783, 
744, 1987, 286, 
745, 308, 2118, 
746, 311, 1612, 
747, 1009, 1059, 
748, 415, 1879, 
749, 1673, 2106, 
750, 408, 1009, 
751, 1033, 1192, 
752, 754, 912, 
753, 1118, 38, 
754, 346, 2085, 
755, 1388, 87, 
756, 1396, 1539, 
757, 1671, 1308, 
758, 234, 190, 
759, 1596, 943, 
760, 343, 786, 
761, 1343, 183, 
762, 352, 1444, 
763, 1486, 961, 
764, 268, 716, 
765, 285, 2028, 
766, 1690, 1774, 
767, 197, 1020, 
768, 1972, 472, 
769, 1148, 846, 
770, 899, 1877, 
771, 884, 966, 
772, 747, 146, 
773, 1505, 1565, 
774, 1818, 1750, 
775, 1478, 1941, 
776, 866, 139, 
777, 1373, 1638, 
778, 1304, 1586, 
779, 414, 959, 
780, 1879, 536, 
781, 693, 413, 
782, 41, 285, 
783, 1471, 208, 
784, 1216, 353, 
785, 292, 114, 
786, 842, 1813, 
787, 777, 11, 
788, 620, 1725, 
789, 760, 940, 
790, 1942, 1497, 
791, 1084, 1966, 
792, 679, 603, 
793, 1422, 1617, 
794, 1481, 1660, 
795, 1318, 1241, 
796, 980, 705, 
797, 839, 142, 
798, 1888, 936, 
799, 1747, 671, 
800, 862, 1328, 
801, 1465, 486, 
802, 1695, 65, 
803, 1006, 261, 
804, 799, 1996, 
805, 9, 36, 
806, 1083, 1360, 
807, 117, 2046, 
808, 2069, 1845, 
809, 1098, 503, 
810, 1989, 174, 
811, 812, 236, 
812, 82, 488, 
813, 826, 1822, 
814, 793, 1314, 
815, 1630, 162, 
816, 1870, 794, 
817, 1457, 452, 
818, 1477, 1326, 
819, 1, 1256, 
820, 1526, 921, 
821, 1808, 1716, 
822, 1393, 509, 
823, 2031, 1632, 
824, 1419, 50, 
825, 1253, 723, 
826, 1536, 131, 
827, 1178, 858, 
828, 1621, 881, 
829, 1131, 1583, 
830, 2046, 1420, 
831, 629, 214, 
832, 1298, 1106, 
833, 78, 1016, 
834, 501, 423, 
835, 1127, 1095, 
836, 575, 99, 
837, 547, 1754, 
838, 939, 1072, 
839, 1057, 698, 
840, 1948, 868, 
841, 1270, 854, 
842, 1305, 60, 
843, 378, 1346, 
844, 2020, 1990, 
845, 531, 1349, 
846, 89, 506, 
847, 1245, 66, 
848, 16, 366, 
849, 1872, 110, 
850, 821, 254, 
851, 476, 2128, 
852, 2070, 535, 
853, 462, 1841, 
854, 1854, 360, 
855, 670, 338, 
856, 495, 573, 
857, 1805, 880, 
858, 554, 985, 
859, 474, 1462, 
860, 2102, 395, 
861, 1967, 957, 
862, 2056, 824, 
863, 1669, 869, 
864, 1047, 202, 
865, 217, 1904, 
866, 1555, 2069, 
867, 1746, 2083, 
868, 1490, 648, 
869, 1705, 808, 
870, 774, 610, 
871, 61, 235, 
872, 891, 407, 
873, 23, 669, 
874, 843, 406, 
875, 2130, 9, 
876, 718, 867, 
877, 2087, 545, 
878, 327, 461, 
879, 888, 1407, 
880, 1999, 1089, 
881, 1820, 37, 
882, 1580, 1650, 
883, 2038, 1198, 
884, 863, 788, 
885, 262, 408, 
886, 323, 1026, 
887, 1093, 829, 
888, 974, 851, 
889, 1014, 633, 
890, 981, 1963, 
891, 80, 2057, 
892, 1986, 1048, 
893, 1963, 1104, 
894, 704, 1389, 
895, 1402, 560, 
896, 935, 1277, 
897, 2148, 539, 
898, 878, 2093, 
899, 73, 612, 
900, 1778, 1169, 
901, 42, 118, 
902, 584, 1622, 
903, 130, 1057, 
904, 984, 268, 
905, 55, 482, 
906, 282, 2065, 
907, 1119, 1148, 
908, 341, 1044, 
909, 443, 623, 
910, 2097, 1167, 
911, 482, 2047, 
912, 1000, 336, 
913, 1937, 1511, 
914, 1922, 1662, 
915, 2112, 232, 
916, 1514, 941, 
917, 1357, 1223, 
918, 44, 483, 
919, 98, 718, 
920, 376, 1984, 
921, 2149, 2087, 
922, 1211, 1998, 
923, 1398, 1171, 
924, 685, 1564, 
925, 123, 1085, 
926, 451, 1950, 
927, 2115, 764, 
928, 1271, 785, 
929, 532, 435, 
930, 727, 1753, 
931, 115, 688, 
932, 48, 1431, 
933, 999, 384, 
934, 1219, 727, 
935, 1017, 233, 
936, 923, 1714, 
937, 2141, 980, 
938, 275, 1746, 
939, 656, 2005, 
940, 918, 2140, 
941, 1255, 1933, 
942, 1400, 733, 
943, 1774, 1971, 
944, 1713, 1873, 
945, 124, 1956, 
946, 1386, 1848, 
947, 362, 1562, 
948, 604, 1055, 
949, 1615, 895, 
950, 1224, 1722, 
951, 190, 1194, 
952, 301, 1981, 
953, 598, 1959, 
954, 1816, 1188, 
955, 281, 2058, 
956, 391, 1061, 
957, 919, 1446, 
958, 2010, 111, 
959, 2092, 836, 
960, 1677, 1997, 
961, 1654, 1517, 
962, 615, 991, 
963, 847, 1201, 
964, 1282, 1397, 
965, 726, 1676, 
966, 151, 1475, 
967, 825, 1641, 
968, 1833, 76, 
969, 331, 1180, 
970, 1516, 915, 
971, 128, 1102, 
972, 744, 939, 
973, 1652, 1010, 
974, 1048, 1864, 
975, 2075, 415, 
976, 1421, 1764, 
977, 1622, 276, 
978, 881, 1395, 
979, 1881, 1946, 
980, 463, 1885, 
981, 1436, 317, 
982, 929, 309, 
983, 35, 1892, 
984, 1171, 938, 
985, 1198, 990, 
986, 50, 81, 
987, 838, 1715, 
988, 700, 362, 
989, 1310, 80, 
990, 669, 1902, 
991, 2091, 1870, 
992, 1150, 2115, 
993, 2134, 1654, 
994, 2033, 765, 
995, 1619, 511, 
996, 166, 1917, 
997, 922, 878, 
998, 1821, 879, 
999, 17, 1978, 
1000, 219, 342, 
1001, 1378, 153, 
1002, 1152, 1531, 
1003, 54, 1024, 
1004, 122, 474, 
1005, 1199, 948, 
1006, 675, 1847, 
1007, 595, 715, 
1008, 366, 1406, 
1009, 972, 1419, 
1010, 1174, 298, 
1011, 1542, 1585, 
1012, 239, 348, 
1013, 748, 955, 
1014, 21, 90, 
1015, 1560, 6, 
1016, 1283, 428, 
1017, 1023, 1838, 
1018, 1110, 1945, 
1019, 1370, 1486, 
1020, 1136, 188, 
1021, 1147, 848, 
1022, 1539, 1334, 
1023, 1160, 719, 
1024, 701, 453, 
1025, 1290, 1470, 
1026, 964, 2009, 
1027, 903, 1510, 
1028, 1932, 1809, 
1029, 1044, 1818, 
1030, 1438, 103, 
1031, 92, 332, 
1032, 286, 2148, 
1033, 1340, 399, 
1034, 1492, 543, 
1035, 1662, 280, 
1036, 1476, 117, 
1037, 1853, 1976, 
1038, 1982, 1342, 
1039, 1189, 1215, 
1040, 1551, 2138, 
1041, 713, 31, 
1042, 1773, 810, 
1043, 1338, 660, 
1044, 689, 1492, 
1045, 1382, 378, 
1046, 365, 1858, 
1047, 1667, 1732, 
1048, 1058, 388, 
1049, 1764, 2082, 
1050, 1049, 156, 
1051, 1394, 647, 
1052, 552, 1724, 
1053, 1845, 1070, 
1054, 617, 1230, 
1055, 1556, 1817, 
1056, 858, 600, 
1057, 106, 211, 
1058, 2084, 579, 
1059, 1994, 288, 
1060, 455, 231, 
1061, 1880, 1825, 
1062, 776, 490, 
1063, 896, 801, 
1064, 350, 84, 
1065, 593, 1744, 
1066, 705, 1206, 
1067, 79, 1332, 
1068, 1728, 1936, 
1069, 518, 1359, 
1070, 328, 369, 
1071, 1951, 1372, 
1072, 511, 728, 
1073, 1474, 108, 
1074, 565, 1704, 
1075, 1904, 295, 
1076, 224, 412, 
1077, 402, 657, 
1078, 459, 1060, 
1079, 1498, 355, 
1080, 577, 731, 
1081, 1851, 1293, 
1082, 194, 1769, 
1083, 692, 1013, 
1084, 1549, 1780, 
1085, 687, 1292, 
1086, 883, 1129, 
1087, 1039, 528, 
1088, 1442, 243, 
1089, 255, 1528, 
1090, 1356, 1159, 
1091, 450, 1991, 
1092, 725, 85, 
1093, 1267, 1773, 
1094, 1004, 1235, 
1095, 1855, 645, 
1096, 611, 866, 
1097, 1732, 631, 
1098, 1301, 1079, 
1099, 1435, 1303, 
1100, 1059, 266, 
1101, 421, 197, 
1102, 558, 1834, 
1103, 946, 1571, 
1104, 708, 419, 
1105, 453, 93, 
1106, 400, 444, 
1107, 1100, 505, 
1108, 448, 1849, 
1109, 491, 1546, 
1110, 576, 185, 
1111, 828, 1433, 
1112, 1683, 747, 
1113, 1844, 825, 
1114, 925, 1099, 
1115, 2147, 853, 
1116, 75, 1267, 
1117, 1143, 934, 
1118, 157, 1040, 
1119, 1437, 281, 
1120, 1051, 611, 
1121, 624, 1708, 
1122, 1915, 2150, 
1123, 1812, 1496, 
1124, 1988, 1778, 
1125, 1518, 926, 
1126, 651, 71, 
1127, 513, 173, 
1128, 369, 625, 
1129, 6, 721, 
1130, 551, 1108, 
1131, 1366, 907, 
1132, 1450, 2137, 
1133, 2093, 653, 
1134, 1346, 2111, 
1135, 917, 1, 
1136, 270, 1191, 
1137, 1432, 996, 
1138, 1257, 1450, 
1139, 1504, 2120, 
1140, 806, 529, 
1141, 1613, 291, 
1142, 998, 998, 
1143, 987, 689, 
1144, 478, 465, 
1145, 1128, 1263, 
1146, 1479, 1631, 
1147, 1353, 1682, 
1148, 1229, 1718, 
1149, 470, 2095, 
1150, 1470, 1329, 
1151, 1444, 1203, 
1152, 427, 2131, 
1153, 1410, 102, 
1154, 452, 1459, 
1155, 892, 1182, 
1156, 1707, 269, 
1157, 732, 861, 
1158, 180, 193, 
1159, 1194, 1637, 
1160, 1365, 272, 
1161, 489, 1807, 
1162, 951, 744, 
1163, 259, 621, 
1164, 235, 1523, 
1165, 18, 778, 
1166, 659, 1889, 
1167, 759, 1901, 
1168, 1835, 1955, 
1169, 196, 887, 
1170, 1260, 1404, 
1171, 127, 1626, 
1172, 1258, 123, 
1173, 486, 1594, 
1174, 1332, 751, 
1175, 2028, 450, 
1176, 978, 974, 
1177, 1940, 986, 
1178, 1618, 1713, 
1179, 2041, 1553, 
1180, 794, 2130, 
1181, 2003, 365, 
1182, 2032, 25, 
1183, 655, 316, 
1184, 45, 619, 
1185, 330, 897, 
1186, 269, 978, 
1187, 1686, 477, 
1188, 1235, 2133, 
1189, 1157, 344, 
1190, 1096, 27, 
1191, 1921, 1644, 
1192, 383, 1391, 
1193, 303, 665, 
1194, 26, 1675, 
1195, 1641, 1285, 
1196, 192, 35, 
1197, 1358, 1636, 
1198, 1344, 580, 
1199, 1701, 113, 
1200, 472, 1354, 
1201, 1032, 538, 
1202, 1040, 969, 
1203, 212, 1281, 
1204, 779, 585, 
1205, 815, 1257, 
1206, 765, 960, 
1207, 24, 2061, 
1208, 295, 1418, 
1209, 745, 1151, 
1210, 992, 769, 
1211, 803, 691, 
1212, 1443, 1982, 
1213, 371, 655, 
1214, 1779, 977, 
1215, 807, 1688, 
1216, 1891, 1115, 
1217, 610, 550, 
1218, 57, 1691, 
1219, 1997, 754, 
1220, 226, 1826, 
1221, 889, 1751, 
1222, 1376, 627, 
1223, 1172, 1399, 
1224, 788, 850, 
1225, 1182, 46, 
1226, 1070, 1850, 
1227, 590, 1120, 
1228, 781, 1123, 
1229, 906, 2074, 
1230, 664, 668, 
1231, 764, 376, 
1232, 1387, 1782, 
1233, 1389, 303, 
1234, 195, 1165, 
1235, 20, 1156, 
1236, 113, 2010, 
1237, 556, 387, 
1238, 2026, 807, 
1239, 1105, 711, 
1240, 264, 566, 
1241, 1776, 1259, 
1242, 757, 1568, 
1243, 1296, 175, 
1244, 1733, 1707, 
1245, 1925, 1473, 
1246, 1328, 1073, 
1247, 1593, 1245, 
1248, 1217, 1469, 
1249, 1123, 151, 
1250, 31, 932, 
1251, 852, 570, 
1252, 111, 581, 
1253, 422, 207, 
1254, 457, 1865, 
1255, 2106, 1368, 
1256, 887, 1521, 
1257, 267, 416, 
1258, 1254, 1785, 
1259, 699, 1313, 
1260, 189, 1341, 
1261, 1168, 1468, 
1262, 975, 1734, 
1263, 603, 1854, 
1264, 293, 96, 
1265, 1659, 696, 
1266, 1583, 1855, 
1267, 1704, 1842, 
1268, 870, 1340, 
1269, 798, 481, 
1270, 515, 1876, 
1271, 134, 255, 
1272, 1359, 1253, 
1273, 1814, 460, 
1274, 1961, 1664, 
1275, 1798, 520, 
1276, 236, 856, 
1277, 74, 89, 
1278, 37, 1396, 
1279, 88, 1524, 
1280, 298, 1428, 
1281, 672, 849, 
1282, 1984, 1208, 
1283, 612, 1137, 
1284, 1528, 1266, 
1285, 1668, 1827, 
1286, 1088, 820, 
1287, 1745, 1832, 
1288, 1927, 674, 
1289, 1031, 1487, 
1290, 589, 68, 
1291, 349, 2067, 
1292, 1218, 758, 
1293, 1849, 136, 
1294, 1800, 1907, 
1295, 724, 582, 
1296, 1177, 466, 
1297, 1529, 1333, 
1298, 1752, 109, 
1299, 1829, 828, 
1300, 105, 1534, 
1301, 1971, 2122, 
1302, 563, 2141, 
1303, 910, 1533, 
1304, 109, 946, 
1305, 1371, 1824, 
1306, 2136, 1405, 
1307, 968, 1296, 
1308, 1425, 687, 
1309, 132, 2070, 
1310, 544, 223, 
1311, 773, 1572, 
1312, 958, 1542, 
1313, 505, 394, 
1314, 966, 971, 
1315, 403, 1174, 
1316, 114, 458, 
1317, 1661, 1653, 
1318, 2005, 779, 
1319, 2029, 2145, 
1320, 1503, 1134, 
1321, 409, 1239, 
1322, 1334, 1923, 
1323, 750, 1232, 
1324, 666, 374, 
1325, 1606, 599, 
1326, 1689, 1584, 
1327, 4, 47, 
1328, 1037, 906, 
1329, 717, 1878, 
1330, 500, 32, 
1331, 481, 680, 
1332, 1197, 662, 
1333, 894, 1846, 
1334, 895, 1244, 
1335, 860, 1172, 
1336, 300, 124, 
1337, 715, 1740, 
1338, 787, 335, 
1339, 1231, 457, 
1340, 1010, 1537, 
1341, 2073, 1056, 
1342, 1926, 2073, 
1343, 216, 613, 
1344, 316, 1910, 
1345, 294, 3, 
1346, 314, 762, 
1347, 59, 989, 
1348, 178, 1867, 
1349, 1331, 262, 
1350, 206, 1269, 
1351, 13, 929, 
1352, 160, 1105, 
1353, 1639, 1272, 
1354, 382, 1880, 
1355, 982, 749, 
1356, 1974, 1771, 
1357, 488, 1158, 
1358, 185, 77, 
1359, 1038, 1504, 
1360, 1837, 445, 
1361, 1508, 1307, 
1362, 538, 209, 
1363, 1541, 1520, 
1364, 1228, 149, 
1365, 729, 2064, 
1366, 1420, 602, 
1367, 1866, 534, 
1368, 2078, 382, 
1369, 1405, 440, 
1370, 1899, 163, 
1371, 1719, 1896, 
1372, 641, 180, 
1373, 1748, 1248, 
1374, 1007, 1199, 
1375, 1062, 1442, 
1376, 159, 177, 
1377, 67, 242, 
1378, 1289, 927, 
1379, 1222, 1508, 
1380, 550, 953, 
1381, 1877, 712, 
1382, 1510, 1513, 
1383, 548, 1279, 
1384, 596, 381, 
1385, 784, 386, 
1386, 2039, 86, 
1387, 1433, 275, 
1388, 1577, 1014, 
1389, 2008, 1467, 
1390, 1970, 1489, 
1391, 1106, 1980, 
1392, 834, 79, 
1393, 916, 239, 
1394, 1517, 860, 
1395, 351, 1377, 
1396, 1003, 1712, 
1397, 1655, 816, 
1398, 816, 411, 
1399, 2006, 1737, 
1400, 524, 815, 
1401, 431, 137, 
1402, 1180, 1836, 
1403, 942, 796, 
1404, 1315, 51, 
1405, 668, 1563, 
1406, 392, 279, 
1407, 193, 184, 
1408, 833, 160, 
1409, 1502, 1805, 
1410, 569, 2050, 
1411, 165, 1352, 
1412, 613, 2024, 
1413, 1762, 485, 
1414, 1413, 557, 
1415, 1954, 965, 
1416, 2100, 56, 
1417, 1108, 2025, 
1418, 653, 1004, 
1419, 864, 1109, 
1420, 94, 1789, 
1421, 579, 804, 
1422, 429, 1551, 
1423, 465, 1951, 
1424, 260, 67, 
1425, 154, 1369, 
1426, 1567, 1424, 
1427, 153, 1607, 
1428, 682, 13, 
1429, 585, 1931, 
1430, 1293, 1403, 
1431, 1862, 1356, 
1432, 1067, 634, 
1433, 172, 514, 
1434, 1078, 1271, 
1435, 2145, 1515, 
1436, 599, 1927, 
1437, 1493, 1823, 
1438, 2137, 1474, 
1439, 1355, 1012, 
1440, 1482, 595, 
1441, 767, 1989, 
1442, 69, 1033, 
1443, 734, 1620, 
1444, 370, 1295, 
1445, 1540, 584, 
1446, 2094, 2092, 
1447, 1064, 2098, 
1448, 1385, 1993, 
1449, 28, 2127, 
1450, 1799, 1986, 
1451, 1095, 478, 
1452, 2018, 375, 
1453, 228, 267, 
1454, 1898, 1312, 
1455, 1592, 1535, 
1456, 1322, 1788, 
1457, 1786, 1775, 
1458, 1028, 1370, 
1459, 586, 638, 
1460, 1183, 101, 
1461, 1547, 172, 
1462, 911, 1345, 
1463, 473, 70, 
1464, 802, 643, 
1465, 541, 972, 
1466, 280, 1386, 
1467, 790, 127, 
1468, 395, 141, 
1469, 2150, 1948, 
1470, 333, 1477, 
1471, 882, 1355, 
1472, 2122, 1088, 
1473, 1657, 400, 
1474, 201, 1183, 
1475, 90, 1812, 
1476, 1585, 168, 
1477, 837, 41, 
1478, 1947, 1960, 
1479, 771, 1886, 
1480, 1643, 905, 
1481, 1702, 64, 
1482, 1243, 240, 
1483, 1572, 2051, 
1484, 953, 1485, 
1485, 1461, 1903, 
1486, 1295, 1884, 
1487, 1711, 120, 
1488, 144, 1934, 
1489, 2095, 1413, 
1490, 1232, 707, 
1491, 933, 357, 
1492, 368, 658, 
1493, 367, 310, 
1494, 62, 1200, 
1495, 1964, 1748, 
1496, 587, 1843, 
1497, 2066, 1830, 
1498, 650, 409, 
1499, 1918, 1030, 
1500, 564, 992, 
1501, 1244, 145, 
1502, 146, 1633, 
1503, 1697, 1278, 
1504, 2054, 455, 
1505, 686, 1512, 
1506, 2098, 956, 
1507, 1284, 1875, 
1508, 1103, 271, 
1509, 1992, 558, 
1510, 638, 683, 
1511, 1771, 447, 
1512, 755, 834, 
1513, 2107, 1587, 
1514, 1275, 874, 
1515, 230, 822, 
1516, 1588, 159, 
1517, 288, 2007, 
1518, 1730, 1069, 
1519, 1459, 1973, 
1520, 2076, 2151, 
1521, 622, 433, 
1522, 646, 2105, 
1523, 2129, 83, 
1524, 678, 1411, 
1525, 1415, 2040, 
1526, 318, 1076, 
1527, 1468, 1627, 
1528, 1952, 2152, 
1529, 1882, 1652, 
1530, 753, 194, 
1531, 728, 250, 
1532, 937, 1790, 
1533, 956, 191, 
1534, 1699, 838, 
1535, 1756, 1677, 
1536, 2131, 507, 
1537, 800, 1582, 
1538, 941, 1458, 
1539, 1134, 1400, 
1540, 27, 306, 
1541, 1364, 2129, 
1542, 663, 1416, 
1543, 1116, 2029, 
1544, 315, 1742, 
1545, 1392, 1229, 
1546, 1561, 1669, 
1547, 719, 951, 
1548, 582, 278, 
1549, 22, 884, 
1550, 1314, 1315, 
1551, 756, 161, 
1552, 1985, 2049, 
1553, 1445, 1438, 
1554, 1495, 1236, 
1555, 574, 640, 
1556, 1167, 165, 
1557, 222, 7, 
1558, 568, 1439, 
1559, 199, 59, 
1560, 263, 1432, 
1561, 1858, 2056, 
1562, 1766, 15, 
1563, 813, 1738, 
1564, 1804, 636, 
1565, 535, 1828, 
1566, 1807, 58, 
1567, 963, 1098, 
1568, 2065, 1630, 
1569, 150, 1705, 
1570, 1195, 390, 
1571, 1819, 790, 
1572, 2053, 1570, 
1573, 1763, 1606, 
1574, 1658, 670, 
1575, 1523, 1608, 
1576, 1063, 1260, 
1577, 1653, 1327, 
1578, 423, 167, 
1579, 1642, 513, 
1580, 1026, 249, 
1581, 227, 69, 
1582, 1341, 1618, 
1583, 1200, 1035, 
1584, 84, 844, 
1585, 338, 1343, 
1586, 375, 803, 
1587, 1568, 1288, 
1588, 517, 2100, 
1589, 1998, 1767, 
1590, 416, 1974, 
1591, 1973, 471, 
1592, 780, 2104, 
1593, 880, 615, 
1594, 1975, 333, 
1595, 534, 1700, 
1596, 170, 1218, 
1597, 265, 1251, 
1598, 991, 564, 
1599, 1750, 2084, 
1600, 102, 525, 
1601, 578, 510, 
1602, 751, 1816, 
1603, 1569, 1041, 
1604, 254, 1103, 
1605, 660, 656, 
1606, 1960, 1317, 
1607, 936, 1589, 
1608, 2151, 1299, 
1609, 1166, 521, 
1610, 1578, 1173, 
1611, 1238, 1448, 
1612, 649, 725, 
1613, 181, 42, 
1614, 1740, 982, 
1615, 542, 1648, 
1616, 944, 684, 
1617, 1871, 614, 
1618, 848, 169, 
1619, 447, 1027, 
1620, 739, 1043, 
1621, 1784, 63, 
1622, 58, 1440, 
1623, 897, 964, 
1624, 394, 1036, 
1625, 2071, 132, 
1626, 1803, 326, 
1627, 1464, 1083, 
1628, 1617, 889, 
1629, 1192, 1193, 
1630, 1034, 1162, 
1631, 2135, 1222, 
1632, 1840, 1602, 
1633, 1013, 1906, 
1634, 1237, 451, 
1635, 2034, 1290, 
1636, 1024, 1139, 
1637, 1126, 737, 
1638, 449, 392, 
1639, 1015, 2142, 
1640, 822, 292, 
1641, 1680, 1319, 
1642, 1696, 287, 
1643, 1509, 1806, 
1644, 253, 1006, 
1645, 995, 2149, 
1646, 1484, 199, 
1647, 1076, 1417, 
1648, 683, 1658, 
1649, 64, 1101, 
1650, 1360, 622, 
1651, 1941, 1851, 
1652, 1612, 2000, 
1653, 827, 742, 
1654, 1377, 487, 
1655, 2121, 592, 
1656, 289, 1453, 
1657, 1900, 1758, 
1658, 1061, 710, 
1659, 1016, 1601, 
1660, 83, 791, 
1661, 1204, 882, 
1662, 1135, 1590, 
1663, 1726, 898, 
1664, 3, 1150, 
1665, 1428, 604, 
1666, 242, 21, 
1667, 143, 968, 
1668, 1246, 1100, 
1669, 1507, 1784, 
1670, 2027, 1557, 
1671, 1472, 1062, 
1672, 70, 106, 
1673, 990, 1598, 
1674, 1287, 1185, 
1675, 1460, 1382, 
1676, 658, 787, 
1677, 1688, 1247, 
1678, 372, 1697, 
1679, 33, 1142, 
1680, 1109, 469, 
1681, 810, 1455, 
1682, 1836, 1163, 
1683, 735, 204, 
1684, 1817, 2019, 
1685, 871, 821, 
1686, 438, 1772, 
1687, 2015, 999, 
1688, 607, 2113, 
1689, 2064, 30, 
1690, 609, 133, 
1691, 355, 1495, 
1692, 434, 1234, 
1693, 885, 635, 
1694, 1631, 195, 
1695, 1029, 1145, 
1696, 1489, 1532, 
1697, 2118, 2107, 
1698, 1325, 1449, 
1699, 273, 609, 
1700, 2048, 760, 
1701, 1145, 429, 
1702, 1451, 1147, 
1703, 344, 922, 
1704, 1101, 1749, 
1705, 1520, 215, 
1706, 1759, 593, 
1707, 2143, 798, 
1708, 2146, 1689, 
1709, 1656, 641, 
1710, 1687, 1379, 
1711, 1537, 1757, 
1712, 2139, 793, 
1713, 1011, 1366, 
1714, 215, 210, 
1715, 1454, 2136, 
1716, 2047, 1994, 
1717, 1920, 1559, 
1718, 116, 143, 
1719, 1628, 1942, 
1720, 1950, 1324, 
1721, 1889, 349, 
1722, 1907, 2078, 
1723, 1462, 1039, 
1724, 1729, 1465, 
1725, 1336, 519, 
1726, 413, 24, 
1727, 1885, 476, 
1728, 988, 1925, 
1729, 1403, 1883, 
1730, 1792, 397, 
1731, 454, 1610, 
1732, 1367, 277, 
1733, 77, 128, 
1734, 1424, 329, 
1735, 1397, 1224, 
1736, 1640, 1894, 
1737, 1945, 1135, 
1738, 694, 107, 
1739, 818, 1160, 
1740, 1722, 1791, 
1741, 461, 694, 
1742, 519, 1011, 
1743, 1906, 293, 
1744, 855, 699, 
1745, 284, 1634, 
1746, 772, 1284, 
1747, 2126, 1518, 
1748, 1045, 1071, 
1749, 337, 1759, 
1750, 359, 1001, 
1751, 901, 682, 
1752, 1772, 1596, 
1753, 1949, 2041, 
1754, 1731, 1337, 
1755, 487, 736, 
1756, 1734, 334, 
1757, 2001, 2134, 
1758, 1130, 385, 
1759, 2050, 2102, 
1760, 1663, 1968, 
1761, 1179, 192, 
1762, 232, 322, 
1763, 2127, 1249, 
1764, 1250, 1430, 
1765, 7, 706, 
1766, 1269, 2001, 
1767, 1455, 975, 
1768, 496, 1808, 
1769, 258, 363, 
1770, 1648, 646, 
1771, 1326, 1698, 
1772, 580, 337, 
1773, 1252, 841, 
1774, 1065, 19, 
1775, 1917, 909, 
1776, 570, 1540, 
1777, 1708, 346, 
1778, 1125, 942, 
1779, 158, 1681, 
1780, 904, 1149, 
1781, 1601, 105, 
1782, 960, 62, 
1783, 1790, 1802, 
1784, 320, 756, 
1785, 712, 5, 
1786, 1446, 1765, 
1787, 733, 833, 
1788, 1020, 410, 
1789, 1911, 323, 
1790, 497, 837, 
1791, 1546, 1146, 
1792, 1107, 1967, 
1793, 47, 859, 
1794, 698, 1136, 
1795, 2123, 750, 
1796, 252, 1578, 
1797, 677, 484, 
1798, 1173, 700, 
1799, 1718, 320, 
1800, 533, 797, 
1801, 1995, 1262, 
1802, 1092, 2144, 
1803, 706, 1323, 
1804, 272, 685, 
1805, 635, 842, 
1806, 688, 247, 
1807, 97, 845, 
1808, 521, 1920, 
1809, 1406, 1970, 
1810, 841, 200, 
1811, 1703, 1330, 
1812, 1825, 2042, 
1813, 1124, 217, 
1814, 1789, 350, 
1815, 1957, 533, 
1816, 1485, 426, 
1817, 1791, 1666, 
1818, 334, 1835, 
1819, 1453, 1075, 
1820, 814, 2112, 
1821, 1429, 620, 
1822, 1395, 1922, 
1823, 1163, 422, 
1824, 836, 2060, 
1825, 522, 1709, 
1826, 1188, 380, 
1827, 1893, 1383, 
1828, 1935, 930, 
1829, 971, 351, 
1830, 1361, 1957, 
1831, 915, 1392, 
1832, 681, 873, 
1833, 1512, 1316, 
1834, 1144, 745, 
1835, 553, 739, 
1836, 456, 299, 
1837, 602, 1028, 
1838, 1068, 2066, 
1839, 1142, 1983, 
1840, 1506, 1611, 
1841, 1320, 1294, 
1842, 1268, 724, 
1843, 1721, 1639, 
1844, 506, 421, 
1845, 66, 1726, 
1846, 1225, 508, 
1847, 1841, 1276, 
1848, 384, 546, 
1849, 605, 1037, 
1850, 2023, 555, 
1851, 509, 814, 
1852, 498, 601, 
1853, 943, 1384, 
1854, 1266, 661, 
1855, 1264, 1797, 
1856, 2074, 2023, 
1857, 1202, 318, 
1858, 1035, 2012, 
1859, 914, 1141, 
1860, 536, 252, 
1861, 2058, 1614, 
1862, 1724, 10, 
1863, 723, 493, 
1864, 976, 2013, 
1865, 1276, 1988, 
1866, 1912, 1344, 
1867, 1466, 517, 
1868, 1309, 1178, 
1869, 1021, 1283, 
1870, 2077, 1378, 
1871, 135, 1692, 
1872, 631, 260, 
1873, 1738, 967, 
1874, 2132, 746, 
1875, 1670, 877, 
1876, 1391, 1189, 
1877, 1330, 1211, 
1878, 869, 1196, 
1879, 1404, 420, 
1880, 661, 1888, 
1881, 1913, 264, 
1882, 1896, 1556, 
1883, 690, 1543, 
1884, 1876, 155, 
1885, 218, 1435, 
1886, 1785, 253, 
1887, 1230, 1347, 
1888, 1846, 1350, 
1889, 632, 1353, 
1890, 955, 121, 
1891, 861, 2147, 
1892, 1897, 1365, 
1893, 107, 1821, 
1894, 100, 817, 
1895, 1205, 1798, 
1896, 902, 1505, 
1897, 138, 885, 
1898, 909, 847, 
1899, 856, 1304, 
1900, 1822, 1530, 
1901, 283, 1680, 
1902, 1933, 2109, 
1903, 954, 1635, 
1904, 1350, 170, 
1905, 817, 1872, 
1906, 1441, 667, 
1907, 72, 2101, 
1908, 618, 1096, 
1909, 1660, 1965, 
1910, 1694, 2110, 
1911, 797, 832, 
1912, 312, 1412, 
1913, 1303, 1138, 
1914, 1544, 888, 
1915, 91, 1975, 
1916, 1616, 16, 
1917, 1431, 1783, 
1918, 209, 1091, 
1919, 1614, 473, 
1920, 1624, 2135, 
1921, 1426, 2076, 
1922, 388, 811, 
1923, 214, 372, 
1924, 785, 675, 
1925, 947, 2099, 
1926, 1158, 1093, 
1927, 184, 777, 
1928, 480, 1944, 
1929, 247, 339, 
1930, 1236, 2121, 
1931, 1634, 575, 
1932, 8, 568, 
1933, 1530, 1760, 
1934, 168, 1250, 
1935, 529, 442, 
1936, 1351, 1478, 
1937, 1012, 1613, 
1938, 805, 559, 
1939, 133, 913, 
1940, 2036, 865, 
1941, 920, 618, 
1942, 1765, 1117, 
1943, 654, 554, 
1944, 1071, 1592, 
1945, 40, 1545, 
1946, 68, 283, 
1947, 2083, 402, 
1948, 962, 439, 
1949, 397, 1252, 
1950, 1380, 33, 
1951, 390, 717, 
1952, 1165, 248, 
1953, 1737, 1119, 
1954, 997, 903, 
1955, 5, 181, 
1956, 1753, 676, 
1957, 317, 768, 
1958, 381, 1331, 
1959, 512, 259, 
1960, 736, 57, 
1961, 186, 1768, 
1962, 2114, 201, 
1963, 1022, 1770, 
1964, 1337, 1763, 
1965, 1603, 116, 
1966, 326, 359, 
1967, 872, 1958, 
1968, 1743, 1525, 
1969, 1910, 1064, 
1970, 1251, 238, 
1971, 1706, 1322, 
1972, 1553, 857, 
1973, 1545, 82, 
1974, 339, 432, 
1975, 358, 652, 
1976, 1887, 1909, 
1977, 360, 1656, 
1978, 1375, 17, 
1979, 908, 2103, 
1980, 32, 1649, 
1981, 1644, 1992, 
1982, 1025, 383, 
1983, 1434, 1128, 
1984, 1383, 1786, 
1985, 1102, 1548, 
1986, 783, 1987, 
1987, 1754, 1710, 
1988, 1052, 984, 
1989, 307, 770, 
1990, 2086, 911, 
1991, 2142, 547, 
1992, 952, 1687, 
1993, 1214, 642, 
1994, 2035, 1270, 
1995, 332, 456, 
1996, 1234, 1686, 
1997, 1842, 1857, 
1998, 1931, 325, 
1999, 347, 761, 
2000, 1291, 1375, 
2001, 945, 819, 
2002, 691, 1466, 
2003, 1720, 1670, 
2004, 364, 1672, 
2005, 345, 918, 
2006, 1019, 1325, 
2007, 581, 1777, 
2008, 490, 448, 
2009, 1597, 401, 
2010, 1146, 1017, 
2011, 393, 1678, 
2012, 520, 1932, 
2013, 207, 890, 
2014, 353, 650, 
2015, 846, 809, 
2016, 1594, 1621, 
2017, 436, 22, 
2018, 237, 1668, 
2019, 1053, 1321, 
2020, 99, 590, 
2021, 1901, 258, 
2022, 1559, 1969, 
2023, 695, 1566, 
2024, 2021, 1175, 
2025, 508, 870, 
2026, 302, 1629, 
2027, 1815, 1655, 
2028, 890, 537, 
2029, 722, 1310, 
2030, 832, 122, 
2031, 1566, 1502, 
2032, 458, 1943, 
2033, 19, 1811, 
2034, 1280, 154, 
2035, 1691, 434, 
2036, 1072, 852, 
2037, 555, 341, 
2038, 53, 1113, 
2039, 1770, 1928, 
2040, 249, 1081, 
2041, 1824, 677, 
2042, 1186, 1961, 
2043, 56, 892, 
2044, 702, 805, 
2045, 831, 1954, 
2046, 913, 1755, 
2047, 1521, 1170, 
2048, 1867, 1021, 
2049, 499, 1663, 
2050, 2096, 1209, 
2051, 1316, 1451, 
2052, 1223, 403, 
2053, 200, 2011, 
2054, 645, 1899, 
2055, 1430, 767, 
2056, 191, 928, 
2057, 1768, 1547, 
2058, 348, 1801, 
2059, 278, 1286, 
2060, 1487, 463, 
2061, 1664, 1068, 
2062, 573, 624, 
2063, 277, 1387, 
2064, 2044, 2043, 
2065, 1227, 1065, 
2066, 210, 759, 
2067, 1742, 1930, 
2068, 1184, 1240, 
2069, 857, 1735, 
2070, 1155, 1214, 
2071, 1087, 970, 
2072, 1212, 729, 
2073, 1865, 1264, 
2074, 1085, 1110, 
2075, 1874, 1074, 
2076, 466, 393, 
2077, 437, 863, 
2078, 1207, 148, 
2079, 426, 2077, 
2080, 1611, 1126, 
2081, 494, 373, 
2082, 1710, 1301, 
2083, 644, 129, 
2084, 1519, 1042, 
2085, 1625, 637, 
2086, 1005, 1741, 
2087, 1723, 839, 
2088, 874, 4, 
2089, 1324, 522, 
2090, 1097, 1507, 
2091, 1374, 119, 
2092, 1905, 152, 
2093, 1302, 1348, 
2094, 1522, 1157, 
2095, 1027, 226, 
2096, 796, 1077, 
2097, 1401, 1795, 
2098, 2063, 228, 
2099, 1543, 73, 
2100, 1515, 1177, 
2101, 290, 1874, 
2102, 1850, 1891, 
2103, 1319, 14, 
2104, 1499, 1929, 
2105, 637, 2125, 
2106, 934, 1693, 
2107, 2088, 1733, 
2108, 1079, 1779, 
2109, 241, 1140, 
2110, 1091, 1298, 
2111, 1693, 1051, 
2112, 2068, 270, 
2113, 137, 1066, 
2114, 2099, 981, 
2115, 1041, 899, 
2116, 1139, 1008, 
2117, 1086, 2048, 
2118, 1262, 993, 
2119, 1991, 1423, 
2120, 1175, 1560, 
2121, 101, 933, 
2122, 703, 2124, 
2123, 356, 1179, 
2124, 188, 1226, 
2125, 76, 1154, 
2126, 2057, 245, 
2127, 1757, 1176, 
2128, 1651, 1514, 
2129, 420, 2004, 
2130, 850, 1092, 
2131, 1571, 976, 
2132, 1623, 391, 
2133, 1676, 639, 
2134, 743, 1861, 
2135, 2104, 454, 
2136, 1475, 404, 
2137, 1929, 1673, 
2138, 2072, 541, 
2139, 1170, 491, 
2140, 1919, 1381, 
2141, 1956, 294, 
2142, 1448, 914, 
2143, 1263, 738, 
2144, 1390, 1603, 
2145, 1602, 1937, 
2146, 996, 1031, 
2147, 1565, 813, 
2148, 2108, 1844, 
2149, 1122, 2081, 
2150, 442, 1516, 
2151, 1525, 263, 
2152, 868, 830, 
