nbElements: 2153
indexFenetre, indexVoletGauche, indexVoletDroit, 
0, 1498, 1993, 
1, 815, 716, 
2, 1836, 290, 
3, 248, 973, 
4, 988, 194, 
5, 1670, 1254, 
6, 1856, 72, 
7, 606, 1783, 
8, 1831, 1587, 
9, 228, 1953, 
10, 1890, 1752, 
11, 198, 701, 
12, 1460, 48, 
13, 1077, 516, 
14, 718, 1631, 
15, 307, 1736, 
16, 906, 1421, 
17, 1534, 1693, 
18, 422, 306, 
19, 1643, 847, 
20, 933, 1739, 
21, 1812, 1720, 
22, 1063, 1490, 
23, 627, 2146, 
24, 349, 959, 
25, 322, 2143, 
26, 1454, 1558, 
27, 309, 1100, 
28, 158, 991, 
29, 22, 1073, 
30, 1493, 20, 
31, 769, 421, 
32, 946, 1165, 
33, 1598, 1996, 
34, 325, 855, 
35, 87, 1182, 
36, 1838, 1092, 
37, 703, 1006, 
38, 1006, 1207, 
39, 1607, 613, 
40, 110, 853, 
41, 1516, 133, 
42, 1054, 1081, 
43, 352, 664, 
44, 1706, 1515, 
45, 1514, 1906, 
46, 1932, 1984, 
47, 956, 1706, 
48, 901, 2116, 
49, 2152, 1157, 
50, 64, 397, 
51, 212, 1718, 
52, 1425, 1893, 
53, 100, 1793, 
54, 423, 1643, 
55, 1260, 1992, 
56, 583, 3, 
57, 320, 1485, 
58, 1891, 607, 
59, 397, 1791, 
60, 486, 298, 
61, 270, 155, 
62, 141, 586, 
63, 539, 1398, 
64, 39, 1340, 
65, 1191, 1320, 
66, 1654, 1163, 
67, 1785, 23, 
68, 1655, 1224, 
69, 696, 957, 
70, 1111, 41, 
71, 115, 1238, 
72, 1683, 1226, 
73, 135, 568, 
74, 732, 1978, 
75, 1839, 598, 
76, 1224, 1914, 
77, 689, 1075, 
78, 549, 475, 
79, 1685, 101, 
80, 604, 1962, 
81, 533, 1775, 
82, 1231, 1857, 
83, 256, 1647, 
84, 1821, 687, 
85, 478, 985, 
86, 258, 2108, 
87, 660, 1027, 
88, 878, 326, 
89, 847, 1564, 
90, 569, 1194, 
91, 1150, 919, 
92, 1338, 873, 
93, 1964, 759, 
94, 965, 344, 
95, 1315, 259, 
96, 1186, 601, 
97, 786, 614, 
98, 1418, 1313, 
99, 1072, 1566, 
100, 1295, 333, 
101, 1277, 1794, 
102, 1955, 1982, 
103, 295, 503, 
104, 446, 331, 
105, 2150, 394, 
106, 626, 2132, 
107, 1915, 1436, 
108, 1922, 2067, 
109, 679, 168, 
110, 302, 502, 
111, 863, 1198, 
112, 575, 869, 
113, 1107, 1817, 
114, 1137, 952, 
115, 653, 1479, 
116, 1724, 2140, 
117, 1174, 809, 
118, 222, 1808, 
119, 1866, 1612, 
120, 1221, 1133, 
121, 1059, 953, 
122, 1246, 625, 
123, 1038, 2053, 
124, 1248, 1575, 
125, 1710, 631, 
126, 1474, 1080, 
127, 2080, 79, 
128, 81, 1928, 
129, 749, 372, 
130, 1906, 362, 
131, 1505, 849, 
132, 1183, 262, 
133, 1720, 2117, 
134, 474, 761, 
135, 315, 1123, 
136, 2120, 440, 
137, 2046, 1967, 
138, 1254, 1873, 
139, 284, 1547, 
140, 2000, 286, 
141, 638, 1766, 
142, 1959, 1827, 
143, 668, 2128, 
144, 822, 477, 
145, 232, 914, 
146, 1878, 829, 
147, 1952, 1134, 
148, 1672, 535, 
149, 1144, 301, 
150, 1346, 1358, 
151, 1384, 1961, 
152, 1148, 408, 
153, 2002, 1885, 
154, 647, 771, 
155, 406, 1769, 
156, 1479, 1330, 
157, 356, 1197, 
158, 2093, 406, 
159, 791, 668, 
160, 1392, 880, 
161, 1396, 1136, 
162, 34, 1727, 
163, 832, 104, 
164, 415, 319, 
165, 556, 246, 
166, 508, 1522, 
167, 175, 1737, 
168, 730, 943, 
169, 458, 427, 
170, 1350, 769, 
171, 1217, 102, 
172, 420, 563, 
173, 1320, 1702, 
174, 1250, 1478, 
175, 1928, 141, 
176, 1214, 135, 
177, 695, 1453, 
178, 1820, 2035, 
179, 1201, 753, 
180, 911, 1331, 
181, 2134, 2068, 
182, 2118, 1897, 
183, 2139, 1668, 
184, 1066, 1726, 
185, 1360, 1043, 
186, 159, 933, 
187, 1691, 479, 
188, 979, 924, 
189, 60, 105, 
190, 303, 1177, 
191, 1389, 340, 
192, 351, 643, 
193, 682, 467, 
194, 2122, 610, 
195, 1429, 697, 
196, 1319, 783, 
197, 1013, 363, 
198, 975, 1258, 
199, 537, 384, 
200, 1095, 2021, 
201, 662, 1751, 
202, 238, 1539, 
203, 1245, 700, 
204, 909, 731, 
205, 40, 481, 
206, 328, 686, 
207, 1274, 1407, 
208, 1297, 1397, 
209, 1531, 109, 
210, 5, 1242, 
211, 83, 77, 
212, 1584, 1646, 
213, 1805, 1372, 
214, 1858, 1732, 
215, 731, 649, 
216, 1166, 1350, 
217, 509, 708, 
218, 2124, 241, 
219, 173, 469, 
220, 0, 1838, 
221, 119, 382, 
222, 868, 683, 
223, 646, 1345, 
224, 1526, 281, 
225, 1317, 1921, 
226, 409, 864, 
227, 1064, 1826, 
228, 1780, 732, 
229, 900, 1829, 
230, 874, 1863, 
231, 1291, 1381, 
232, 1725, 1849, 
233, 665, 1387, 
234, 954, 297, 
235, 391, 665, 
236, 1970, 720, 
237, 1984, 25, 
238, 1560, 349, 
239, 651, 176, 
240, 1036, 1012, 
241, 2119, 1938, 
242, 1304, 1288, 
243, 1012, 954, 
244, 264, 128, 
245, 1829, 1514, 
246, 297, 570, 
247, 824, 1393, 
248, 1888, 1484, 
249, 819, 1986, 
250, 1269, 1956, 
251, 546, 1125, 
252, 1646, 560, 
253, 413, 1583, 
254, 802, 887, 
255, 301, 2008, 
256, 746, 120, 
257, 106, 219, 
258, 858, 234, 
259, 829, 813, 
260, 1179, 1988, 
261, 2065, 799, 
262, 945, 2119, 
263, 506, 94, 
264, 467, 210, 
265, 1508, 119, 
266, 189, 346, 
267, 654, 573, 
268, 373, 2038, 
269, 1339, 1980, 
270, 893, 1228, 
271, 632, 216, 
272, 2045, 1847, 
273, 464, 636, 
274, 1638, 1667, 
275, 1591, 338, 
276, 987, 462, 
277, 1303, 691, 
278, 796, 1319, 
279, 919, 1306, 
280, 84, 430, 
281, 676, 374, 
282, 1070, 1763, 
283, 1461, 837, 
284, 1523, 556, 
285, 920, 1113, 
286, 1068, 1991, 
287, 1962, 2010, 
288, 490, 566, 
289, 1235, 1310, 
290, 152, 37, 
291, 441, 2101, 
292, 986, 121, 
293, 272, 1449, 
294, 853, 1406, 
295, 924, 1003, 
296, 555, 1603, 
297, 89, 629, 
298, 1476, 416, 
299, 1729, 751, 
300, 380, 254, 
301, 1590, 2104, 
302, 471, 1840, 
303, 750, 1176, 
304, 1740, 1266, 
305, 759, 543, 
306, 1422, 1932, 
307, 1349, 634, 
308, 1138, 238, 
309, 1306, 1598, 
310, 280, 1854, 
311, 1316, 1142, 
312, 1266, 447, 
313, 594, 791, 
314, 184, 946, 
315, 136, 512, 
316, 1388, 2066, 
317, 451, 381, 
318, 1380, 1347, 
319, 438, 1701, 
320, 793, 1686, 
321, 2102, 2150, 
322, 1412, 1150, 
323, 950, 1428, 
324, 1178, 1890, 
325, 403, 323, 
326, 312, 1563, 
327, 10, 1997, 
328, 600, 2131, 
329, 1874, 71, 
330, 489, 1274, 
331, 2099, 402, 
332, 2075, 96, 
333, 2129, 678, 
334, 2030, 2044, 
335, 38, 1705, 
336, 1847, 1265, 
337, 2044, 760, 
338, 245, 1276, 
339, 1496, 923, 
340, 480, 527, 
341, 1519, 441, 
342, 1939, 265, 
343, 1177, 1218, 
344, 70, 2024, 
345, 529, 1916, 
346, 807, 561, 
347, 1818, 1767, 
348, 578, 1662, 
349, 2074, 1971, 
350, 1779, 1061, 
351, 331, 1342, 
352, 1263, 358, 
353, 1060, 235, 
354, 514, 1323, 
355, 880, 111, 
356, 1837, 2091, 
357, 1247, 1948, 
358, 663, 1835, 
359, 1136, 684, 
360, 1031, 583, 
361, 768, 1232, 
362, 1491, 1210, 
363, 876, 703, 
364, 540, 705, 
365, 437, 1908, 
366, 260, 1060, 
367, 1661, 963, 
368, 2049, 1911, 
369, 1663, 693, 
370, 1447, 1755, 
371, 1153, 863, 
372, 958, 885, 
373, 1686, 1225, 
374, 326, 1753, 
375, 63, 685, 
376, 716, 5, 
377, 1118, 862, 
378, 1795, 1408, 
379, 1813, 137, 
380, 1810, 918, 
381, 1860, 1031, 
382, 2062, 1399, 
383, 648, 143, 
384, 433, 1053, 
385, 417, 2114, 
386, 2009, 675, 
387, 1034, 288, 
388, 154, 483, 
389, 664, 1905, 
390, 1472, 1429, 
391, 849, 1353, 
392, 2131, 1186, 
393, 1180, 1880, 
394, 1487, 834, 
395, 4, 1878, 
396, 2056, 1678, 
397, 948, 276, 
398, 1039, 1780, 
399, 1603, 2079, 
400, 268, 1516, 
401, 96, 903, 
402, 795, 1787, 
403, 524, 307, 
404, 1423, 1137, 
405, 1378, 184, 
406, 1664, 822, 
407, 382, 740, 
408, 1817, 2127, 
409, 1808, 1091, 
410, 1399, 1326, 
411, 1332, 1586, 
412, 1298, 1367, 
413, 7, 1730, 
414, 185, 438, 
415, 1210, 33, 
416, 360, 1966, 
417, 904, 1305, 
418, 66, 803, 
419, 740, 1895, 
420, 1103, 1544, 
421, 806, 295, 
422, 254, 1465, 
423, 755, 770, 
424, 1524, 1729, 
425, 1002, 1740, 
426, 1348, 1335, 
427, 2040, 1121, 
428, 1358, 1852, 
429, 917, 1386, 
430, 762, 944, 
431, 30, 2093, 
432, 944, 1009, 
433, 298, 1832, 
434, 528, 979, 
435, 896, 429, 
436, 444, 1051, 
437, 577, 2050, 
438, 1436, 1116, 
439, 552, 534, 
440, 879, 2004, 
441, 1509, 317, 
442, 262, 1913, 
443, 1745, 1599, 
444, 1078, 1960, 
445, 1956, 304, 
446, 921, 540, 
447, 1677, 1096, 
448, 1629, 794, 
449, 11, 78, 
450, 1390, 73, 
451, 599, 2039, 
452, 73, 148, 
453, 2050, 1660, 
454, 1834, 1604, 
455, 891, 1379, 
456, 794, 1359, 
457, 2135, 1508, 
458, 2043, 299, 
459, 271, 2041, 
460, 1528, 263, 
461, 1621, 2077, 
462, 67, 251, 
463, 57, 1281, 
464, 1146, 1630, 
465, 1196, 1282, 
466, 1741, 920, 
467, 498, 471, 
468, 1382, 734, 
469, 428, 575, 
470, 816, 650, 
471, 1450, 1939, 
472, 744, 845, 
473, 379, 1033, 
474, 783, 1297, 
475, 603, 993, 
476, 710, 767, 
477, 1515, 718, 
478, 1833, 1860, 
479, 761, 173, 
480, 1868, 414, 
481, 1783, 1565, 
482, 1538, 831, 
483, 751, 949, 
484, 1871, 195, 
485, 1982, 1314, 
486, 532, 2151, 
487, 721, 138, 
488, 860, 1369, 
489, 1578, 1111, 
490, 887, 93, 
491, 2098, 1324, 
492, 52, 1665, 
493, 1975, 1440, 
494, 1061, 1425, 
495, 1525, 651, 
496, 43, 1052, 
497, 1170, 54, 
498, 1440, 1044, 
499, 1470, 1040, 
500, 1940, 1723, 
501, 1862, 858, 
502, 855, 179, 
503, 1055, 1795, 
504, 1143, 1798, 
505, 2126, 630, 
506, 1047, 1432, 
507, 1213, 10, 
508, 652, 454, 
509, 1364, 192, 
510, 214, 85, 
511, 639, 2138, 
512, 584, 1101, 
513, 978, 211, 
514, 2085, 378, 
515, 488, 825, 
516, 1419, 916, 
517, 504, 1143, 
518, 1522, 1505, 
519, 1595, 134, 
520, 176, 981, 
521, 2039, 2098, 
522, 1275, 1654, 
523, 1324, 1025, 
524, 1822, 892, 
525, 828, 1292, 
526, 656, 967, 
527, 1770, 1443, 
528, 1229, 1461, 
529, 977, 1270, 
530, 641, 1757, 
531, 387, 622, 
532, 2151, 1671, 
533, 706, 1212, 
534, 733, 482, 
535, 985, 1789, 
536, 799, 1716, 
537, 772, 1054, 
538, 2095, 721, 
539, 804, 1946, 
540, 867, 606, 
541, 2114, 1768, 
542, 460, 1569, 
543, 17, 615, 
544, 195, 2074, 
545, 1951, 1548, 
546, 884, 909, 
547, 424, 2076, 
548, 1326, 1456, 
549, 1911, 1246, 
550, 1974, 2144, 
551, 615, 1876, 
552, 8, 1446, 
553, 300, 151, 
554, 1375, 972, 
555, 1652, 274, 
556, 1936, 939, 
557, 1385, 1936, 
558, 404, 1239, 
559, 1457, 1261, 
560, 872, 1126, 
561, 2076, 674, 
562, 1666, 1185, 
563, 633, 1841, 
564, 45, 1417, 
565, 1688, 1734, 
566, 2089, 35, 
567, 160, 1438, 
568, 2028, 980, 
569, 1216, 404, 
570, 339, 1148, 
571, 144, 1964, 
572, 1824, 681, 
573, 1283, 1883, 
574, 724, 388, 
575, 140, 779, 
576, 1689, 410, 
577, 23, 1865, 
578, 748, 1008, 
579, 1536, 1341, 
580, 44, 485, 
581, 1657, 188, 
582, 131, 969, 
583, 436, 574, 
584, 170, 1653, 
585, 908, 1437, 
586, 1602, 392, 
587, 1845, 690, 
588, 1484, 525, 
589, 1819, 1056, 
590, 362, 1605, 
591, 969, 777, 
592, 1083, 1520, 
593, 1206, 1845, 
594, 960, 1117, 
595, 390, 621, 
596, 1092, 32, 
597, 1211, 974, 
598, 1727, 2071, 
599, 1867, 2149, 
600, 223, 1733, 
601, 1481, 608, 
602, 499, 1098, 
603, 1599, 1521, 
604, 608, 1115, 
605, 2136, 1394, 
606, 421, 937, 
607, 1811, 1503, 
608, 1895, 1731, 
609, 671, 1141, 
610, 932, 1099, 
611, 777, 468, 
612, 2106, 1068, 
613, 1435, 2120, 
614, 1208, 850, 
615, 512, 743, 
616, 1000, 1949, 
617, 941, 1889, 
618, 1494, 2051, 
619, 1035, 1504, 
620, 1656, 604, 
621, 1019, 1550, 
622, 1112, 1160, 
623, 202, 1318, 
624, 217, 1568, 
625, 242, 2064, 
626, 657, 1108, 
627, 1899, 355, 
628, 963, 1806, 
629, 538, 1059, 
630, 330, 294, 
631, 16, 1093, 
632, 461, 801, 
633, 21, 1831, 
634, 1994, 1497, 
635, 1965, 203, 
636, 1220, 1861, 
637, 955, 360, 
638, 2077, 1602, 
639, 1786, 375, 
640, 1011, 167, 
641, 547, 1147, 
642, 1693, 1866, 
643, 1713, 1595, 
644, 1027, 1, 
645, 1887, 930, 
646, 922, 161, 
647, 359, 754, 
648, 1823, 418, 
649, 781, 576, 
650, 1416, 1063, 
651, 1241, 883, 
652, 1792, 1542, 
653, 717, 1231, 
654, 1625, 2142, 
655, 2051, 190, 
656, 722, 1517, 
657, 1267, 932, 
658, 1569, 1355, 
659, 1731, 1337, 
660, 244, 971, 
661, 870, 712, 
662, 1801, 1877, 
663, 1312, 159, 
664, 1851, 656, 
665, 104, 391, 
666, 443, 1162, 
667, 1097, 1577, 
668, 276, 1365, 
669, 1133, 699, 
670, 353, 496, 
671, 523, 425, 
672, 760, 1872, 
673, 1149, 562, 
674, 1566, 521, 
675, 752, 928, 
676, 392, 978, 
677, 1698, 1474, 
678, 1308, 1028, 
679, 1571, 1648, 
680, 150, 335, 
681, 857, 1973, 
682, 1415, 1411, 
683, 1, 964, 
684, 101, 1415, 
685, 833, 1610, 
686, 821, 59, 
687, 62, 1065, 
688, 929, 1298, 
689, 1735, 640, 
690, 2148, 154, 
691, 623, 654, 
692, 838, 1304, 
693, 146, 1759, 
694, 28, 1088, 
695, 982, 626, 
696, 1944, 738, 
697, 304, 1309, 
698, 2132, 357, 
699, 1373, 129, 
700, 2149, 422, 
701, 1718, 158, 
702, 92, 1981, 
703, 1726, 1488, 
704, 1697, 377, 
705, 321, 1528, 
706, 234, 2028, 
707, 1357, 523, 
708, 1433, 866, 
709, 1772, 762, 
710, 1045, 1279, 
711, 1311, 38, 
712, 1048, 1502, 
713, 970, 436, 
714, 763, 1735, 
715, 246, 1713, 
716, 1076, 65, 
717, 525, 1512, 
718, 2121, 466, 
719, 400, 339, 
720, 1431, 2086, 
721, 825, 2007, 
722, 1854, 87, 
723, 856, 951, 
724, 263, 1405, 
725, 1828, 337, 
726, 1190, 1536, 
727, 618, 66, 
728, 735, 1470, 
729, 345, 1963, 
730, 534, 927, 
731, 637, 1332, 
732, 778, 166, 
733, 220, 1738, 
734, 386, 1642, 
735, 68, 428, 
736, 419, 2040, 
737, 1826, 50, 
738, 277, 22, 
739, 1327, 376, 
740, 1184, 620, 
741, 1120, 1173, 
742, 787, 998, 
743, 1981, 832, 
744, 631, 385, 
745, 1832, 1201, 
746, 1050, 316, 
747, 231, 1308, 
748, 882, 490, 
749, 1870, 1935, 
750, 1908, 320, 
751, 1857, 812, 
752, 31, 487, 
753, 747, 347, 
754, 166, 1919, 
755, 576, 1002, 
756, 1776, 1184, 
757, 1347, 2062, 
758, 1080, 367, 
759, 1197, 1821, 
760, 1007, 748, 
761, 163, 1799, 
762, 1081, 768, 
763, 1715, 199, 
764, 1865, 603, 
765, 95, 843, 
766, 1452, 29, 
767, 1421, 1380, 
768, 800, 1560, 
769, 493, 1049, 
770, 75, 1691, 
771, 341, 1149, 
772, 1302, 1144, 
773, 1711, 140, 
774, 346, 1257, 
775, 340, 2033, 
776, 697, 1122, 
777, 1567, 1918, 
778, 1921, 717, 
779, 1439, 594, 
780, 2138, 2030, 
781, 558, 16, 
782, 79, 243, 
783, 450, 1594, 
784, 1321, 1746, 
785, 1830, 345, 
786, 1492, 55, 
787, 669, 1708, 
788, 952, 1805, 
789, 194, 1703, 
790, 1407, 1695, 
791, 2059, 1174, 
792, 1164, 1824, 
793, 51, 1262, 
794, 1108, 2037, 
795, 2054, 473, 
796, 1849, 1650, 
797, 1198, 893, 
798, 1880, 821, 
799, 1194, 1175, 
800, 1025, 2069, 
801, 1622, 672, 
802, 1227, 896, 
803, 2024, 150, 
804, 994, 2052, 
805, 573, 145, 
806, 1883, 212, 
807, 289, 1903, 
808, 457, 1416, 
809, 316, 1661, 
810, 566, 787, 
811, 1527, 588, 
812, 1990, 2139, 
813, 1815, 17, 
814, 85, 955, 
815, 1709, 1167, 
816, 1644, 1062, 
817, 1938, 1021, 
818, 191, 817, 
819, 1501, 2013, 
820, 1798, 1010, 
821, 658, 1917, 
822, 1361, 848, 
823, 1104, 1637, 
824, 1947, 232, 
825, 1977, 1206, 
826, 1903, 1260, 
827, 475, 2061, 
828, 299, 1468, 
829, 1165, 74, 
830, 1056, 1120, 
831, 88, 553, 
832, 143, 1268, 
833, 1552, 493, 
834, 1427, 1828, 
835, 1299, 1303, 
836, 1044, 451, 
837, 841, 364, 
838, 961, 531, 
839, 142, 18, 
840, 1434, 1848, 
841, 500, 198, 
842, 291, 1557, 
843, 1641, 1420, 
844, 1100, 1951, 
845, 130, 1374, 
846, 502, 1130, 
847, 931, 53, 
848, 1473, 1316, 
849, 1594, 635, 
850, 692, 2063, 
851, 2033, 1813, 
852, 240, 373, 
853, 334, 533, 
854, 327, 641, 
855, 24, 500, 
856, 1145, 1441, 
857, 601, 1879, 
858, 239, 911, 
859, 2097, 899, 
860, 840, 2059, 
861, 2115, 1334, 
862, 364, 749, 
863, 1648, 1773, 
864, 462, 1469, 
865, 1037, 1692, 
866, 1628, 99, 
867, 1383, 311, 
868, 1062, 1155, 
869, 98, 555, 
870, 1570, 1606, 
871, 1627, 1540, 
872, 2073, 886, 
873, 947, 2042, 
874, 2038, 1670, 
875, 1960, 1676, 
876, 2041, 223, 
877, 366, 1153, 
878, 1742, 2048, 
879, 1453, 661, 
880, 1458, 1800, 
881, 495, 208, 
882, 1278, 1815, 
883, 1681, 1349, 
884, 1328, 1151, 
885, 1065, 1215, 
886, 483, 1842, 
887, 1752, 571, 
888, 521, 1959, 
889, 661, 1222, 
890, 976, 187, 
891, 1751, 1435, 
892, 1989, 868, 
893, 579, 51, 
894, 168, 1307, 
895, 1521, 1760, 
896, 157, 1974, 
897, 221, 1899, 
898, 1134, 308, 
899, 688, 2002, 
900, 2137, 1651, 
901, 1973, 1402, 
902, 283, 1164, 
903, 2055, 715, 
904, 1722, 334, 
905, 1634, 865, 
906, 162, 1924, 
907, 861, 13, 
908, 125, 1712, 
909, 2101, 1454, 
910, 1495, 303, 
911, 1705, 1524, 
912, 713, 2073, 
913, 865, 2083, 
914, 251, 1972, 
915, 1284, 75, 
916, 72, 1923, 
917, 411, 1790, 
918, 1483, 1685, 
919, 294, 1029, 
920, 681, 386, 
921, 590, 1491, 
922, 477, 2082, 
923, 910, 788, 
924, 1287, 1944, 
925, 2010, 9, 
926, 2068, 69, 
927, 686, 647, 
928, 809, 1188, 
929, 981, 538, 
930, 1869, 2095, 
931, 1158, 1036, 
932, 1768, 1158, 
933, 1650, 1159, 
934, 1393, 271, 
935, 1913, 1104, 
936, 719, 1076, 
937, 253, 1584, 
938, 614, 1721, 
939, 1394, 1802, 
940, 1747, 1999, 
941, 1109, 2017, 
942, 2022, 152, 
943, 1757, 1955, 
944, 1352, 1011, 
945, 107, 1333, 
946, 1859, 11, 
947, 1902, 1004, 
948, 1924, 2003, 
949, 610, 1747, 
950, 1271, 526, 
951, 797, 1510, 
952, 1897, 1677, 
953, 1920, 1107, 
954, 1748, 1644, 
955, 1723, 1315, 
956, 105, 1344, 
957, 792, 1384, 
958, 1969, 445, 
959, 678, 889, 
960, 1764, 324, 
961, 80, 1311, 
962, 1572, 7, 
963, 2058, 730, 
964, 1674, 226, 
965, 635, 1301, 
966, 736, 39, 
967, 205, 578, 
968, 2109, 2099, 
969, 619, 1884, 
970, 522, 389, 
971, 1882, 1245, 
972, 1127, 1321, 
973, 1203, 464, 
974, 1003, 854, 
975, 174, 97, 
976, 813, 2129, 
977, 1782, 205, 
978, 1073, 1622, 
979, 1894, 1409, 
980, 323, 1856, 
981, 927, 755, 
982, 434, 999, 
983, 336, 1700, 
984, 691, 407, 
985, 361, 824, 
986, 501, 1816, 
987, 1804, 846, 
988, 167, 1290, 
989, 1329, 2, 
990, 808, 1450, 
991, 1017, 452, 
992, 1490, 2111, 
993, 1756, 810, 
994, 1999, 1614, 
995, 587, 49, 
996, 2108, 1129, 
997, 1262, 283, 
998, 544, 1590, 
999, 1230, 341, 
1000, 2023, 58, 
1001, 998, 1492, 
1002, 369, 1987, 
1003, 1980, 559, 
1004, 723, 515, 
1005, 1087, 1498, 
1006, 389, 798, 
1007, 233, 169, 
1008, 995, 1772, 
1009, 448, 90, 
1010, 989, 1937, 
1011, 1110, 289, 
1012, 1075, 1131, 
1013, 1334, 774, 
1014, 974, 698, 
1015, 548, 1371, 
1016, 1701, 745, 
1017, 1879, 2014, 
1018, 785, 1501, 
1019, 26, 1377, 
1020, 1539, 2134, 
1021, 227, 1764, 
1022, 1767, 398, 
1023, 2021, 57, 
1024, 1606, 1295, 
1025, 91, 174, 
1026, 1744, 557, 
1027, 1787, 2072, 
1028, 454, 891, 
1029, 385, 1761, 
1030, 365, 2148, 
1031, 129, 673, 
1032, 971, 444, 
1033, 1465, 45, 
1034, 1991, 1085, 
1035, 2090, 990, 
1036, 1140, 322, 
1037, 951, 442, 
1038, 845, 582, 
1039, 1123, 541, 
1040, 65, 518, 
1041, 1618, 1792, 
1042, 414, 1388, 
1043, 1746, 484, 
1044, 1597, 667, 
1045, 2053, 480, 
1046, 485, 1927, 
1047, 834, 528, 
1048, 1550, 1990, 
1049, 76, 569, 
1050, 925, 89, 
1051, 497, 1045, 
1052, 133, 888, 
1053, 520, 1128, 
1054, 237, 1410, 
1055, 58, 434, 
1056, 1459, 457, 
1057, 192, 1862, 
1058, 313, 2109, 
1059, 1085, 248, 
1060, 1424, 253, 
1061, 1668, 658, 
1062, 1754, 900, 
1063, 999, 14, 
1064, 1468, 897, 
1065, 1864, 1925, 
1066, 1619, 222, 
1067, 1290, 2085, 
1068, 1040, 2130, 
1069, 886, 836, 
1070, 1367, 153, 
1071, 776, 996, 
1072, 1848, 1300, 
1073, 1193, 1302, 
1074, 738, 1312, 
1075, 2070, 1447, 
1076, 1604, 1870, 
1077, 122, 215, 
1078, 1905, 84, 
1079, 1309, 835, 
1080, 1355, 514, 
1081, 1307, 1058, 
1082, 1397, 1882, 
1083, 377, 112, 
1084, 959, 902, 
1085, 285, 1636, 
1086, 1931, 1567, 
1087, 1676, 1553, 
1088, 699, 839, 
1089, 149, 842, 
1090, 2072, 1592, 
1091, 190, 272, 
1092, 531, 1400, 
1093, 2015, 915, 
1094, 1910, 1506, 
1095, 1288, 725, 
1096, 1041, 1171, 
1097, 1549, 245, 
1098, 1600, 1892, 
1099, 862, 983, 
1100, 121, 1221, 
1101, 329, 1641, 
1102, 1556, 1083, 
1103, 839, 368, 
1104, 779, 657, 
1105, 1803, 1968, 
1106, 1953, 1166, 
1107, 337, 1329, 
1108, 712, 921, 
1109, 1130, 1463, 
1110, 1712, 291, 
1111, 1187, 52, 
1112, 1333, 1102, 
1113, 1690, 1357, 
1114, 1548, 70, 
1115, 1222, 0, 
1116, 236, 724, 
1117, 1914, 986, 
1118, 912, 805, 
1119, 1816, 861, 
1120, 1391, 1531, 
1121, 288, 522, 
1122, 1345, 826, 
1123, 983, 1574, 
1124, 754, 1094, 
1125, 1168, 1200, 
1126, 59, 1518, 
1127, 1497, 1418, 
1128, 1202, 12, 
1129, 1766, 1179, 
1130, 1084, 1869, 
1131, 2107, 513, 
1132, 1009, 163, 
1133, 1616, 200, 
1134, 905, 947, 
1135, 50, 1998, 
1136, 1983, 1035, 
1137, 934, 1663, 
1138, 707, 977, 
1139, 851, 709, 
1140, 492, 682, 
1141, 1351, 1628, 
1142, 1122, 1156, 
1143, 249, 956, 
1144, 812, 396, 
1145, 1173, 828, 
1146, 672, 1404, 
1147, 287, 1434, 
1148, 1051, 1556, 
1149, 1761, 1146, 
1150, 1462, 536, 
1151, 888, 2090, 
1152, 2032, 1589, 
1153, 1101, 2012, 
1154, 1789, 100, 
1155, 2007, 796, 
1156, 1018, 1822, 
1157, 1463, 1989, 
1158, 2112, 309, 
1159, 545, 2009, 
1160, 2091, 1796, 
1161, 543, 1833, 
1162, 55, 443, 
1163, 780, 1105, 
1164, 332, 1741, 
1165, 1617, 1778, 
1166, 1428, 1776, 
1167, 1014, 1017, 
1168, 1877, 511, 
1169, 431, 550, 
1170, 997, 989, 
1171, 624, 646, 
1172, 2011, 1127, 
1173, 282, 592, 
1174, 1449, 1709, 
1175, 204, 851, 
1176, 741, 1089, 
1177, 1581, 577, 
1178, 269, 411, 
1179, 200, 1486, 
1180, 1106, 652, 
1181, 1205, 616, 
1182, 1843, 1204, 
1183, 831, 236, 
1184, 1708, 1024, 
1185, 266, 1078, 
1186, 243, 1375, 
1187, 1696, 773, 
1188, 1057, 1850, 
1189, 1601, 56, 
1190, 219, 908, 
1191, 2014, 1904, 
1192, 2103, 1640, 
1193, 1233, 2106, 
1194, 1406, 61, 
1195, 817, 663, 
1196, 1605, 987, 
1197, 199, 1891, 
1198, 764, 67, 
1199, 1893, 1697, 
1200, 449, 1267, 
1201, 476, 551, 
1202, 2145, 1395, 
1203, 1639, 437, 
1204, 2019, 432, 
1205, 1114, 1711, 
1206, 1543, 1779, 
1207, 1896, 36, 
1208, 1807, 1181, 
1209, 147, 1823, 
1210, 1074, 83, 
1211, 2092, 611, 
1212, 727, 292, 
1213, 1507, 2088, 
1214, 2018, 287, 
1215, 526, 1588, 
1216, 1576, 186, 
1217, 612, 530, 
1218, 1253, 1152, 
1219, 684, 599, 
1220, 1749, 1090, 
1221, 473, 314, 
1222, 358, 395, 
1223, 401, 2006, 
1224, 314, 1263, 
1225, 2067, 1581, 
1226, 1119, 1652, 
1227, 187, 1545, 
1228, 1513, 632, 
1229, 563, 1016, 
1230, 1340, 60, 
1231, 1069, 1868, 
1232, 1387, 704, 
1233, 179, 1220, 
1234, 86, 907, 
1235, 1223, 181, 
1236, 939, 1280, 
1237, 711, 115, 
1238, 677, 1933, 
1239, 1800, 4, 
1240, 452, 1180, 
1241, 311, 1758, 
1242, 252, 1881, 
1243, 1256, 393, 
1244, 177, 1952, 
1245, 74, 2060, 
1246, 943, 1664, 
1247, 770, 638, 
1248, 1404, 2096, 
1249, 20, 1797, 
1250, 830, 191, 
1251, 440, 737, 
1252, 1558, 213, 
1253, 207, 1467, 
1254, 1374, 1213, 
1255, 418, 348, 
1256, 132, 508, 
1257, 405, 113, 
1258, 1946, 313, 
1259, 589, 878, 
1260, 1737, 390, 
1261, 49, 1894, 
1262, 1270, 1803, 
1263, 2, 157, 
1264, 630, 1364, 
1265, 588, 1975, 
1266, 1411, 537, 
1267, 567, 1064, 
1268, 685, 264, 
1269, 172, 228, 
1270, 197, 1352, 
1271, 257, 1325, 
1272, 1195, 1538, 
1273, 183, 458, 
1274, 1898, 1018, 
1275, 93, 499, 
1276, 1281, 1659, 
1277, 899, 250, 
1278, 875, 1039, 
1279, 275, 1452, 
1280, 1090, 1715, 
1281, 938, 2094, 
1282, 2123, 1230, 
1283, 1517, 356, 
1284, 399, 336, 
1285, 274, 1616, 
1286, 1301, 125, 
1287, 2001, 284, 
1288, 124, 1074, 
1289, 1313, 501, 
1290, 1714, 1523, 
1291, 1875, 1202, 
1292, 1323, 439, 
1293, 1244, 1299, 
1294, 1441, 1247, 
1295, 1403, 2011, 
1296, 1577, 249, 
1297, 1341, 1655, 
1298, 1702, 1403, 
1299, 1596, 733, 
1300, 1467, 1037, 
1301, 1658, 992, 
1302, 1482, 1250, 
1303, 598, 491, 
1304, 805, 2065, 
1305, 734, 772, 
1306, 1728, 114, 
1307, 2012, 449, 
1308, 572, 2018, 
1309, 621, 970, 
1310, 1530, 1038, 
1311, 201, 282, 
1312, 344, 1363, 
1313, 745, 1233, 
1314, 1535, 1086, 
1315, 1925, 808, 
1316, 1985, 1192, 
1317, 890, 1248, 
1318, 1930, 1327, 
1319, 1853, 872, 
1320, 644, 505, 
1321, 1438, 1451, 
1322, 350, 904, 
1323, 247, 116, 
1324, 1694, 149, 
1325, 926, 225, 
1326, 1769, 818, 
1327, 1992, 960, 
1328, 2086, 2147, 
1329, 823, 1620, 
1330, 491, 585, 
1331, 2013, 662, 
1332, 278, 2135, 
1333, 1777, 63, 
1334, 1008, 545, 
1335, 1314, 1066, 
1336, 116, 815, 
1337, 687, 1742, 
1338, 113, 26, 
1339, 1593, 941, 
1340, 355, 1785, 
1341, 1417, 229, 
1342, 211, 492, 
1343, 818, 312, 
1344, 2017, 92, 
1345, 394, 901, 
1346, 928, 529, 
1347, 964, 351, 
1348, 1322, 1570, 
1349, 1885, 1214, 
1350, 27, 976, 
1351, 1573, 2026, 
1352, 1537, 988, 
1353, 453, 27, 
1354, 1546, 42, 
1355, 1774, 558, 
1356, 1437, 1874, 
1357, 1272, 1744, 
1358, 1273, 327, 
1359, 181, 1366, 
1360, 675, 1638, 
1361, 1089, 1942, 
1362, 864, 765, 
1363, 742, 546, 
1364, 2027, 653, 
1365, 850, 1042, 
1366, 1016, 875, 
1367, 1771, 728, 
1368, 1401, 942, 
1369, 1610, 1947, 
1370, 54, 867, 
1371, 1671, 1979, 
1372, 1442, 1496, 
1373, 161, 925, 
1374, 1456, 962, 
1375, 1733, 1579, 
1376, 1362, 2136, 
1377, 134, 1382, 
1378, 1377, 1977, 
1379, 494, 782, 
1380, 1336, 400, 
1381, 1971, 260, 
1382, 1529, 744, 
1383, 210, 275, 
1384, 1029, 1414, 
1385, 1182, 1519, 
1386, 1665, 1294, 
1387, 1466, 671, 
1388, 643, 695, 
1389, 1738, 206, 
1390, 2104, 840, 
1391, 108, 197, 
1392, 1167, 1969, 
1393, 1608, 463, 
1394, 1370, 277, 
1395, 1215, 1273, 
1396, 487, 591, 
1397, 357, 1211, 
1398, 367, 2045, 
1399, 429, 913, 
1400, 877, 764, 
1401, 923, 1426, 
1402, 267, 2031, 
1403, 2100, 196, 
1404, 1917, 2145, 
1405, 897, 547, 
1406, 1961, 279, 
1407, 580, 1582, 
1408, 1844, 224, 
1409, 2008, 617, 
1410, 1966, 110, 
1411, 2063, 21, 
1412, 1846, 1754, 
1413, 363, 1804, 
1414, 343, 1183, 
1415, 1414, 1784, 
1416, 1160, 175, 
1417, 1151, 1930, 
1418, 1372, 1983, 
1419, 889, 1818, 
1420, 562, 2118, 
1421, 1086, 353, 
1422, 432, 1219, 
1423, 2026, 694, 
1424, 6, 2027, 
1425, 1126, 40, 
1426, 708, 255, 
1427, 1755, 655, 
1428, 1152, 387, 
1429, 1251, 1710, 
1430, 1545, 180, 
1431, 118, 1940, 
1432, 2083, 136, 
1433, 169, 1244, 
1434, 378, 220, 
1435, 1225, 948, 
1436, 1997, 6, 
1437, 1659, 2105, 
1438, 510, 926, 
1439, 1611, 1597, 
1440, 484, 44, 
1441, 1500, 1625, 
1442, 126, 881, 
1443, 690, 177, 
1444, 1258, 1097, 
1445, 517, 1392, 
1446, 739, 802, 
1447, 2006, 1464, 
1448, 2031, 1551, 
1449, 1760, 1615, 
1450, 1292, 1898, 
1451, 410, 315, 
1452, 1582, 1609, 
1453, 1585, 354, 
1454, 1945, 696, 
1455, 296, 227, 
1456, 1489, 221, 
1457, 1662, 1424, 
1458, 2035, 2015, 
1459, 1651, 1994, 
1460, 416, 1014, 
1461, 112, 1427, 
1462, 1502, 968, 
1463, 1636, 1203, 
1464, 3, 342, 
1465, 426, 1864, 
1466, 1365, 758, 
1467, 1478, 1487, 
1468, 1510, 269, 
1469, 2147, 419, 
1470, 949, 267, 
1471, 1236, 453, 
1472, 496, 82, 
1473, 456, 1511, 
1474, 209, 1256, 
1475, 2071, 1243, 
1476, 1753, 1513, 
1477, 1553, 692, 
1478, 1631, 2092, 
1479, 993, 1623, 
1480, 102, 1114, 
1481, 515, 403, 
1482, 1488, 103, 
1483, 469, 132, 
1484, 1022, 1154, 
1485, 42, 2115, 
1486, 1784, 1278, 
1487, 2094, 677, 
1488, 114, 1423, 
1489, 1257, 172, 
1490, 1758, 1529, 
1491, 9, 1072, 
1492, 1426, 1810, 
1493, 1680, 645, 
1494, 1172, 1057, 
1495, 1954, 519, 
1496, 503, 1688, 
1497, 773, 162, 
1498, 788, 2100, 
1499, 2079, 1272, 
1500, 1620, 659, 
1501, 704, 1687, 
1502, 1234, 852, 
1503, 196, 1236, 
1504, 1093, 1976, 
1505, 56, 1494, 
1506, 1261, 268, 
1507, 33, 495, 
1508, 1626, 365, 
1509, 1504, 1537, 
1510, 1719, 593, 
1511, 127, 24, 
1512, 372, 1675, 
1513, 918, 1957, 
1514, 1405, 1634, 
1515, 2096, 19, 
1516, 628, 2097, 
1517, 97, 1378, 
1518, 2052, 285, 
1519, 226, 2054, 
1520, 1814, 2089, 
1521, 843, 1844, 
1522, 518, 524, 
1523, 1366, 118, 
1524, 582, 669, 
1525, 1185, 8, 
1526, 1716, 2122, 
1527, 1736, 450, 
1528, 208, 1124, 
1529, 1649, 1193, 
1530, 1561, 318, 
1531, 1684, 2036, 
1532, 820, 984, 
1533, 593, 1139, 
1534, 564, 1618, 
1535, 1518, 1591, 
1536, 2144, 247, 
1537, 561, 726, 
1538, 466, 1698, 
1539, 782, 1373, 
1540, 338, 1471, 
1541, 384, 1169, 
1542, 1043, 2043, 
1543, 1052, 2055, 
1544, 1872, 1851, 
1545, 1475, 88, 
1546, 1554, 1657, 
1547, 720, 1110, 
1548, 1645, 233, 
1549, 182, 459, 
1550, 1586, 185, 
1551, 1773, 91, 
1552, 972, 1145, 
1553, 47, 1811, 
1554, 13, 605, 
1555, 1156, 1433, 
1556, 1480, 237, 
1557, 1129, 1041, 
1558, 1794, 1985, 
1559, 2130, 719, 
1560, 1209, 1368, 
1561, 1102, 300, 
1562, 591, 1774, 
1563, 103, 922, 
1564, 984, 1611, 
1565, 775, 877, 
1566, 1721, 266, 
1567, 1827, 1909, 
1568, 463, 564, 
1569, 553, 1765, 
1570, 1889, 838, 
1571, 1763, 1728, 
1572, 371, 204, 
1573, 620, 2019, 
1574, 206, 938, 
1575, 1623, 965, 
1576, 229, 207, 
1577, 324, 433, 
1578, 1918, 1858, 
1579, 293, 958, 
1580, 541, 1561, 
1581, 224, 95, 
1582, 215, 15, 
1583, 250, 486, 
1584, 1892, 296, 
1585, 1280, 1825, 
1586, 559, 1820, 
1587, 90, 1351, 
1588, 1958, 1619, 
1589, 1175, 352, 
1590, 1568, 435, 
1591, 381, 1082, 
1592, 605, 270, 
1593, 1579, 1527, 
1594, 1147, 1019, 
1595, 1614, 1632, 
1596, 2088, 1694, 
1597, 2036, 1026, 
1598, 1359, 1199, 
1599, 425, 1376, 
1600, 1995, 1666, 
1601, 1005, 1801, 
1602, 1142, 1109, 
1603, 1237, 1554, 
1604, 479, 2133, 
1605, 1001, 1509, 
1606, 255, 1477, 
1607, 837, 702, 
1608, 1020, 1549, 
1609, 472, 1208, 
1610, 165, 1699, 
1611, 1469, 1022, 
1612, 1443, 520, 
1613, 1732, 293, 
1614, 2082, 1719, 
1615, 1660, 827, 
1616, 318, 1572, 
1617, 866, 590, 
1618, 2003, 1235, 
1619, 218, 1264, 
1620, 645, 1683, 
1621, 1565, 931, 
1622, 991, 548, 
1623, 1368, 1168, 
1624, 1464, 819, 
1625, 1943, 806, 
1626, 2060, 596, 
1627, 1781, 1600, 
1628, 915, 1576, 
1629, 265, 1482, 
1630, 1268, 202, 
1631, 2078, 1626, 
1632, 1835, 34, 
1633, 1265, 670, 
1634, 12, 2005, 
1635, 1909, 1070, 
1636, 1455, 193, 
1637, 709, 1209, 
1638, 725, 756, 
1639, 1762, 1346, 
1640, 1967, 330, 
1641, 1094, 1223, 
1642, 1978, 1348, 
1643, 1199, 1048, 
1644, 1557, 1431, 
1645, 1703, 2001, 
1646, 1121, 2032, 
1647, 2110, 2152, 
1648, 953, 1770, 
1649, 164, 785, 
1650, 186, 108, 
1651, 2069, 1837, 
1652, 442, 1532, 
1653, 407, 189, 
1654, 789, 1839, 
1655, 1228, 597, 
1656, 342, 1023, 
1657, 937, 46, 
1658, 642, 936, 
1659, 1243, 735, 
1660, 1881, 2016, 
1661, 1200, 2034, 
1662, 814, 894, 
1663, 827, 1047, 
1664, 402, 2084, 
1665, 1624, 258, 
1666, 1219, 1095, 
1667, 1750, 2137, 
1668, 279, 164, 
1669, 2037, 240, 
1670, 138, 623, 
1671, 2111, 147, 
1672, 1612, 786, 
1673, 111, 455, 
1674, 1793, 412, 
1675, 1376, 859, 
1676, 902, 1077, 
1677, 758, 1132, 
1678, 1963, 884, 
1679, 1240, 1853, 
1680, 1850, 1593, 
1681, 659, 707, 
1682, 846, 426, 
1683, 1176, 1639, 
1684, 1300, 1317, 
1685, 1919, 710, 
1686, 1842, 816, 
1687, 41, 1596, 
1688, 292, 80, 
1689, 666, 510, 
1690, 967, 1370, 
1691, 1937, 361, 
1692, 1132, 1958, 
1693, 1218, 587, 
1694, 1759, 830, 
1695, 811, 470, 
1696, 2081, 64, 
1697, 2066, 1807, 
1698, 178, 1034, 
1699, 617, 539, 
1700, 1933, 1601, 
1701, 1353, 1552, 
1702, 1861, 424, 
1703, 616, 423, 
1704, 1551, 474, 
1705, 1157, 1444, 
1706, 1004, 1546, 
1707, 1408, 446, 
1708, 1682, 1140, 
1709, 980, 1103, 
1710, 903, 257, 
1711, 1499, 619, 
1712, 395, 860, 
1713, 155, 639, 
1714, 1042, 905, 
1715, 892, 506, 
1716, 435, 1617, 
1717, 790, 1782, 
1718, 335, 476, 
1719, 694, 328, 
1720, 1797, 1843, 
1721, 765, 856, 
1722, 557, 1578, 
1723, 213, 1253, 
1724, 1532, 146, 
1725, 916, 995, 
1726, 53, 742, 
1727, 1343, 1819, 
1728, 774, 1846, 
1729, 673, 1336, 
1730, 1024, 1285, 
1731, 1825, 722, 
1732, 1730, 2110, 
1733, 1667, 1749, 
1734, 810, 1460, 
1735, 374, 778, 
1736, 2113, 1748, 
1737, 701, 997, 
1738, 235, 2087, 
1739, 848, 1786, 
1740, 1046, 1354, 
1741, 1802, 1343, 
1742, 571, 1777, 
1743, 2143, 107, 
1744, 459, 1170, 
1745, 990, 2080, 
1746, 2061, 1682, 
1747, 388, 1920, 
1748, 1559, 1886, 
1749, 1635, 2121, 
1750, 447, 2081, 
1751, 550, 230, 
1752, 1717, 1277, 
1753, 1446, 28, 
1754, 842, 1241, 
1755, 702, 1535, 
1756, 180, 882, 
1757, 1402, 1871, 
1758, 801, 465, 
1759, 715, 2000, 
1760, 2020, 584, 
1761, 1331, 1205, 
1762, 1169, 1855, 
1763, 873, 131, 
1764, 398, 488, 
1765, 1356, 1725, 
1766, 2128, 666, 
1767, 2141, 310, 
1768, 757, 201, 
1769, 383, 1445, 
1770, 705, 1172, 
1771, 1363, 244, 
1772, 1159, 1743, 
1773, 1778, 612, 
1774, 259, 950, 
1775, 2146, 165, 
1776, 396, 1079, 
1777, 1249, 789, 
1778, 306, 2102, 
1779, 680, 961, 
1780, 1948, 1361, 
1781, 193, 417, 
1782, 1096, 1439, 
1783, 445, 857, 
1784, 1642, 1401, 
1785, 1700, 47, 
1786, 1028, 1900, 
1787, 78, 30, 
1788, 1335, 231, 
1789, 1873, 906, 
1790, 156, 2103, 
1791, 2064, 420, 
1792, 565, 68, 
1793, 568, 1656, 
1794, 1282, 642, 
1795, 629, 130, 
1796, 609, 359, 
1797, 670, 2125, 
1798, 1116, 579, 
1799, 1592, 2070, 
1800, 1286, 1391, 
1801, 1935, 117, 
1802, 513, 1645, 
1803, 317, 1287, 
1804, 32, 1696, 
1805, 37, 1912, 
1806, 468, 982, 
1807, 1139, 332, 
1808, 368, 2049, 
1809, 650, 1030, 
1810, 1675, 876, 
1811, 1124, 1910, 
1812, 942, 1118, 
1813, 1562, 2047, 
1814, 319, 456, 
1815, 1026, 1385, 
1816, 1115, 1430, 
1817, 1325, 580, 
1818, 2084, 144, 
1819, 1238, 676, 
1820, 693, 542, 
1821, 1477, 1286, 
1822, 1927, 1915, 
1823, 225, 763, 
1824, 1506, 1836, 
1825, 333, 776, 
1826, 1188, 126, 
1827, 2133, 509, 
1828, 470, 741, 
1829, 203, 1338, 
1830, 871, 1252, 
1831, 1679, 1689, 
1832, 756, 280, 
1833, 1033, 1690, 
1834, 153, 1389, 
1835, 507, 1457, 
1836, 1503, 627, 
1837, 2117, 1328, 
1838, 139, 1007, 
1839, 1395, 273, 
1840, 1023, 1559, 
1841, 683, 1067, 
1842, 1318, 1814, 
1843, 1923, 793, 
1844, 61, 1234, 
1845, 1841, 1995, 
1846, 852, 1084, 
1847, 1934, 975, 
1848, 1181, 1055, 
1849, 1993, 478, 
1850, 1799, 1087, 
1851, 607, 507, 
1852, 1950, 1293, 
1853, 14, 401, 
1854, 1563, 1922, 
1855, 1544, 757, 
1856, 530, 1161, 
1857, 1564, 2029, 
1858, 1413, 935, 
1859, 1916, 1271, 
1860, 844, 780, 
1861, 427, 736, 
1862, 1264, 1269, 
1863, 1796, 431, 
1864, 1379, 679, 
1865, 753, 160, 
1866, 15, 618, 
1867, 992, 2075, 
1868, 375, 1015, 
1869, 542, 494, 
1870, 1907, 1476, 
1871, 1637, 1275, 
1872, 511, 399, 
1873, 216, 415, 
1874, 29, 106, 
1875, 622, 329, 
1876, 586, 775, 
1877, 592, 325, 
1878, 973, 2112, 
1879, 1171, 841, 
1880, 726, 792, 
1881, 2105, 1812, 
1882, 1381, 1480, 
1883, 1986, 1448, 
1884, 1633, 1771, 
1885, 767, 595, 
1886, 1398, 1624, 
1887, 1695, 790, 
1888, 1968, 1112, 
1889, 1998, 86, 
1890, 348, 572, 
1891, 869, 2126, 
1892, 1788, 2023, 
1893, 1949, 1050, 
1894, 46, 1190, 
1895, 2016, 1289, 
1896, 1583, 1240, 
1897, 516, 413, 
1898, 881, 1462, 
1899, 2127, 1907, 
1900, 1901, 1390, 
1901, 1276, 746, 
1902, 1775, 252, 
1903, 1420, 1191, 
1904, 370, 581, 
1905, 1587, 800, 
1906, 2048, 2046, 
1907, 1687, 1383, 
1908, 1884, 1954, 
1909, 354, 1481, 
1910, 1279, 727, 
1911, 1653, 714, 
1912, 728, 182, 
1913, 854, 609, 
1914, 1113, 1704, 
1915, 1369, 1251, 
1916, 1852, 2058, 
1917, 305, 170, 
1918, 1410, 1001, 
1919, 1876, 369, 
1920, 930, 156, 
1921, 1957, 784, 
1922, 1285, 628, 
1923, 581, 305, 
1924, 439, 1931, 
1925, 1155, 217, 
1926, 35, 1724, 
1927, 465, 1888, 
1928, 1486, 1013, 
1929, 729, 729, 
1930, 1512, 1533, 
1931, 310, 2057, 
1932, 784, 1362, 
1933, 1161, 898, 
1934, 1704, 1830, 
1935, 2087, 1679, 
1936, 376, 209, 
1937, 962, 706, 
1938, 1189, 795, 
1939, 99, 383, 
1940, 1252, 600, 
1941, 1021, 2124, 
1942, 907, 460, 
1943, 408, 1495, 
1944, 1128, 1296, 
1945, 1904, 1138, 
1946, 2057, 1459, 
1947, 700, 239, 
1948, 1987, 1458, 
1949, 1242, 1627, 
1950, 913, 723, 
1951, 1485, 1259, 
1952, 1976, 1681, 
1953, 2005, 1483, 
1954, 120, 637, 
1955, 286, 256, 
1956, 859, 1562, 
1957, 771, 1356, 
1958, 1765, 366, 
1959, 1053, 1859, 
1960, 1941, 1965, 
1961, 996, 1613, 
1962, 1791, 1412, 
1963, 1163, 1929, 
1964, 1547, 1106, 
1965, 1409, 565, 
1966, 1632, 1707, 
1967, 1673, 1717, 
1968, 1432, 750, 
1969, 602, 917, 
1970, 1540, 1674, 
1971, 667, 489, 
1972, 18, 1941, 
1973, 1647, 123, 
1974, 1342, 1714, 
1975, 1296, 1649, 
1976, 430, 871, 
1977, 1451, 807, 
1978, 714, 1896, 
1979, 649, 940, 
1980, 1855, 1216, 
1981, 77, 321, 
1982, 1430, 1658, 
1983, 698, 1621, 
1984, 1330, 1493, 
1985, 69, 31, 
1986, 2004, 2025, 
1987, 1699, 124, 
1988, 634, 2020, 
1989, 1232, 1196, 
1990, 1972, 752, 
1991, 1471, 1573, 
1992, 914, 1507, 
1993, 1067, 350, 
1994, 1344, 98, 
1995, 674, 1069, 
1996, 1979, 1943, 
1997, 1125, 823, 
1998, 1580, 1249, 
1999, 596, 660, 
2000, 2125, 1360, 
2001, 613, 814, 
2002, 1131, 448, 
2003, 1082, 1867, 
2004, 968, 833, 
2005, 1445, 183, 
2006, 2034, 912, 
2007, 1030, 371, 
2008, 1574, 532, 
2009, 1542, 1534, 
2010, 482, 1809, 
2011, 1293, 1525, 
2012, 625, 1875, 
2013, 535, 1472, 
2014, 885, 1945, 
2015, 412, 549, 
2016, 1294, 1887, 
2017, 308, 1046, 
2018, 895, 804, 
2019, 1790, 1195, 
2020, 1996, 1187, 
2021, 935, 81, 
2022, 1806, 910, 
2023, 1091, 820, 
2024, 281, 1455, 
2025, 1212, 1756, 
2026, 188, 1178, 
2027, 137, 552, 
2028, 145, 517, 
2029, 1259, 1189, 
2030, 1371, 797, 
2031, 1589, 1473, 
2032, 803, 1762, 
2033, 1863, 2107, 
2034, 1739, 1135, 
2035, 94, 472, 
2036, 82, 689, 
2037, 570, 554, 
2038, 1511, 409, 
2039, 1049, 844, 
2040, 109, 370, 
2041, 1988, 278, 
2042, 1400, 62, 
2043, 171, 544, 
2044, 655, 1834, 
2045, 1809, 1442, 
2046, 1929, 1229, 
2047, 1743, 2056, 
2048, 1692, 1608, 
2049, 883, 713, 
2050, 743, 1684, 
2051, 766, 890, 
2052, 798, 1902, 
2053, 393, 380, 
2054, 1926, 1970, 
2055, 241, 1227, 
2056, 636, 680, 
2057, 1609, 1673, 
2058, 737, 1672, 
2059, 1010, 879, 
2060, 2025, 1499, 
2061, 835, 711, 
2062, 1707, 461, 
2063, 554, 1413, 
2064, 1015, 142, 
2065, 1734, 1926, 
2066, 957, 1217, 
2067, 966, 261, 
2068, 117, 1489, 
2069, 1886, 127, 
2070, 1071, 1339, 
2071, 2116, 1934, 
2072, 1098, 1745, 
2073, 1386, 1119, 
2074, 1520, 1237, 
2075, 148, 1555, 
2076, 1141, 1950, 
2077, 1912, 1020, 
2078, 48, 218, 
2079, 1117, 1475, 
2080, 1289, 811, 
2081, 527, 934, 
2082, 1337, 1255, 
2083, 2029, 874, 
2084, 36, 602, 
2085, 123, 1005, 
2086, 595, 1901, 
2087, 640, 994, 
2088, 1640, 2141, 
2089, 898, 242, 
2090, 1192, 2078, 
2091, 611, 76, 
2092, 1162, 870, 
2093, 2140, 379, 
2094, 1105, 1291, 
2095, 2042, 1526, 
2096, 1204, 1419, 
2097, 273, 1750, 
2098, 261, 405, 
2099, 597, 1607, 
2100, 574, 966, 
2101, 1575, 122, 
2102, 894, 302, 
2103, 585, 1580, 
2104, 19, 1669, 
2105, 940, 766, 
2106, 826, 43, 
2107, 1533, 171, 
2108, 505, 747, 
2109, 1448, 589, 
2110, 25, 1635, 
2111, 481, 1543, 
2112, 1541, 1788, 
2113, 151, 178, 
2114, 1099, 1322, 
2115, 230, 139, 
2116, 1555, 1422, 
2117, 1942, 1396, 
2118, 1154, 929, 
2119, 1226, 1000, 
2120, 1135, 343, 
2121, 347, 214, 
2122, 1079, 1633, 
2123, 128, 1571, 
2124, 1630, 1283, 
2125, 1310, 1629, 
2126, 2047, 2113, 
2127, 290, 1541, 
2128, 1207, 2123, 
2129, 1669, 688, 
2130, 455, 945, 
2131, 1032, 648, 
2132, 836, 1680, 
2133, 560, 633, 
2134, 1678, 1781, 
2135, 1354, 504, 
2136, 1588, 1284, 
2137, 519, 644, 
2138, 1058, 1585, 
2139, 1613, 739, 
2140, 1255, 498, 
2141, 1088, 1466, 
2142, 71, 497, 
2143, 1615, 1530, 
2144, 936, 624, 
2145, 551, 2022, 
2146, 1900, 781, 
2147, 1840, 1071, 
2148, 1239, 1722, 
2149, 2142, 895, 
2150, 1444, 567, 
2151, 1305, 1032, 
2152, 536, 1500, 
